============================================================================================================================================
Per-(src,dst) Path Slot Selection Counts: FiLM-Tf vs noFiLM-Tf
============================================================================================================================================
topo=geant_linear  episodes=200  K=16  min_flows=20  common_pairs=462

Pooled slot frequency (mean over all pairs):
  FiLM-Tf:     45%   16%    8%    6%    4%    3%    2%    2%    2%    2%    2%    2%    2%    2%    2%    2%
  noFiLM-Tf:   47%   18%    8%    6%    4%    3%    2%    2%    2%    1%    1%    1%    1%    1%    1%    1%

Top-20 pairs by FiLM entropy (showing slots with selection in either model):

 src→dst  f#= 1372 n#= 1305 | FiLM cnts: s 0 s 1 s 2 s 3 s 4 s 5 s 6 s 7 s 8 s 9 s10 s11 s12 s13 s14 s15 | noFiLM cnts: s 0 s 1 s 2 s 3 s 4 s 5 s 6 s 7 s 8 s 9 s10 s11 s12 s13 s14 s15
--------------------------------------------------------------------------------------------------------------------------------------------
 20→17   f#=  67 n#=  73  Fu=16 Fe=3.87  Nu=16 Ne=3.47
         |   4   8   5   5   3   7   3   6   3   5   4   1   4   2   3   4 |   5   8  19   4   1  11   3   4   3   4   1   3   2   1   2   2
 20→11   f#=  68 n#=  65  Fu=16 Fe=3.74  Nu=12 Ne=3.08
         |   7  10  10   4   3   5   1   2   5   2   5   3   3   4   1   3 |   4  15  13   9   0   3   2   1   6   2   8   1   0   1   0   0
  8→21   f#=  52 n#=  58  Fu=15 Fe=3.70  Nu= 9 Ne=2.64
         |   6   8   3   5   1   2   2   4   4   1   0   2   3   5   4   2 |  15  20   2   3   0   0   2   3   0   0   0   0   0   6   4   3
 17→20   f#=  62 n#=  56  Fu=15 Fe=3.66  Nu=14 Ne=3.26
         |   2   4   6   5   3   4   7  10   7   5   1   2   2   0   2   2 |   3   1   8   2   1   0   6  16   3   4   2   2   6   0   1   1
  8→1    f#=  58 n#=  52  Fu=16 Fe=3.65  Nu=14 Ne=3.55
         |  10   5   4   4   4   8   2   1   1   3   1   1   1   6   4   3 |   5   3   0   7   5   1   4   4   9   0   4   1   1   3   2   3
 11→8    f#=  74 n#=  73  Fu=15 Fe=3.64  Nu=15 Ne=3.58
         |  10   8   2  14   6   5   4   3   4   4   4   3   2   2   3   0 |   6   4   4  12   3   3   4  10   1  11   3   6   3   1   2   0
 20→5    f#=  94 n#=  73  Fu=16 Fe=3.62  Nu=14 Ne=3.19
         |  11  14   7   8  11  12   8   2   1   1   3   5   1   3   3   4 |  17  13   6  13   1   7   3   1   0   1   3   2   1   3   2   0
  8→5    f#=  63 n#=  76  Fu=14 Fe=3.62  Nu=15 Ne=3.72
         |   6   7   3   8   5  10   3   0   2   0   3   2   5   3   2   4 |   6   9   1   3   1   8   2   0   7   3   5   6   6   6   6   7
  5→8    f#=  59 n#=  61  Fu=14 Fe=3.59  Nu=15 Ne=3.75
         |   6   9   3   4   7   7   3   3   6   0   1   0   3   3   3   1 |   2   6   3   5   2   4   5   4   5   1   5   0   9   3   4   3
  2→16   f#=  66 n#=  56  Fu=15 Fe=3.56  Nu=12 Ne=3.25
         |   5   6   1  13   8   6   2   5   2   6   5   0   2   1   1   3 |   4   5   1   8  12   0   3   7   7   3   4   0   1   0   1   0
  8→11   f#=  81 n#=  59  Fu=15 Fe=3.55  Nu=15 Ne=3.55
         |   6  17   4   8   7   6  10   5   4   1   4   4   1   1   3   0 |  10   9   1   3   1   4   7   3   3   6   3   5   2   1   0   1
  1→8    f#=  57 n#=  67  Fu=13 Fe=3.55  Nu=13 Ne=3.49
         |   6   7   3   7   6   7   0   3   4   2   4   3   0   4   1   0 |   6   6   1   8  11   4   2   9   4   3   4   0   3   0   0   6
  5→9    f#=  59 n#=  57  Fu=14 Fe=3.55  Nu=13 Ne=3.42
         |   9   9   7   2   4   2   7   3   4   0   4   1   2   0   2   3 |   7   5   4   5   9   3   6   1   9   0   1   1   3   0   3   0
 13→8    f#=  71 n#=  69  Fu=14 Fe=3.54  Nu=14 Ne=3.63
         |   4   6  14   6   3   4   6   3   0   7   9   3   0   2   1   3 |   6   3   8   3   8   2  10   3   0   7   4   6   4   2   0   3
 11→20   f#=  76 n#=  65  Fu=14 Fe=3.53  Nu=11 Ne=2.89
         |  11  13  10   6   3   4   3   0   4   3   6   0   2   2   2   7 |  11  17  12   3   0   9   1   0   1   1   5   0   0   0   1   4
  8→13   f#=  68 n#=  75  Fu=14 Fe=3.53  Nu=15 Ne=3.77
         |  10  10   9   9   3   4   4   3   3   0   3   2   1   2   0   5 |   9   8   2   4   8   6   5   5   4   4   4   5   5   0   1   5
 13→9    f#=  79 n#=  55  Fu=15 Fe=3.50  Nu=14 Ne=3.49
         |  13   9   3   8  10   9   2   0   7   4   1   1   1   3   7   1 |   8   4   6   8   6   2   2   0   5   0   1   1   1   4   6   1
 17→8    f#=  72 n#=  81  Fu=16 Fe=3.48  Nu=16 Ne=3.69
         |  10  14   3   1   3   1   4   4   8   2   6  11   1   1   1   2 |  12   9   1   1   5   4   6   7   6   4   3  11   2   1   5   4
  9→17   f#=  66 n#=  67  Fu=14 Fe=3.48  Nu=12 Ne=3.04
         |  12  10   0   7   2   2   2   1   4   3   0   1   4   7   6   5 |  18   3   3  10   1   0   0  11   1   0   7   0   5   1   6   1
 21→12   f#=  80 n#=  67  Fu=16 Fe=3.46  Nu=11 Ne=3.19
         |  10   8   3   3   8  18  11   4   1   1   1   4   2   2   1   3 |   6   9   1   7   6  14   9   6   4   0   0   1   4   0   0   0

Full table (462 pairs, sorted by FiLM entropy, K=16):

 src→dst    f#    n#  Fu    Fe  Nu    Ne | FiLM: s 0 s 1 s 2 s 3 s 4 s 5 s 6 s 7 s 8 s 9 s10 s11 s12 s13 s14 s15
--------------------------------------------------------------------------------------------------------------------------------------------
 20→17     67    73  16  3.87  16  3.47 |   4   8   5   5   3   7   3   6   3   5   4   1   4   2   3   4 |   5   8  19   4   1  11   3   4   3   4   1   3   2   1   2   2
 20→11     68    65  16  3.74  12  3.08 |   7  10  10   4   3   5   1   2   5   2   5   3   3   4   1   3 |   4  15  13   9   0   3   2   1   6   2   8   1   0   1   0   0
  8→21     52    58  15  3.70   9  2.64 |   6   8   3   5   1   2   2   4   4   1   0   2   3   5   4   2 |  15  20   2   3   0   0   2   3   0   0   0   0   0   6   4   3
 17→20     62    56  15  3.66  14  3.26 |   2   4   6   5   3   4   7  10   7   5   1   2   2   0   2   2 |   3   1   8   2   1   0   6  16   3   4   2   2   6   0   1   1
  8→1      58    52  16  3.65  14  3.55 |  10   5   4   4   4   8   2   1   1   3   1   1   1   6   4   3 |   5   3   0   7   5   1   4   4   9   0   4   1   1   3   2   3
 11→8      74    73  15  3.64  15  3.58 |  10   8   2  14   6   5   4   3   4   4   4   3   2   2   3   0 |   6   4   4  12   3   3   4  10   1  11   3   6   3   1   2   0
 20→5      94    73  16  3.62  14  3.19 |  11  14   7   8  11  12   8   2   1   1   3   5   1   3   3   4 |  17  13   6  13   1   7   3   1   0   1   3   2   1   3   2   0
  8→5      63    76  14  3.62  15  3.72 |   6   7   3   8   5  10   3   0   2   0   3   2   5   3   2   4 |   6   9   1   3   1   8   2   0   7   3   5   6   6   6   6   7
  5→8      59    61  14  3.59  15  3.75 |   6   9   3   4   7   7   3   3   6   0   1   0   3   3   3   1 |   2   6   3   5   2   4   5   4   5   1   5   0   9   3   4   3
  2→16     66    56  15  3.56  12  3.25 |   5   6   1  13   8   6   2   5   2   6   5   0   2   1   1   3 |   4   5   1   8  12   0   3   7   7   3   4   0   1   0   1   0
  8→11     81    59  15  3.55  15  3.55 |   6  17   4   8   7   6  10   5   4   1   4   4   1   1   3   0 |  10   9   1   3   1   4   7   3   3   6   3   5   2   1   0   1
  1→8      57    67  13  3.55  13  3.49 |   6   7   3   7   6   7   0   3   4   2   4   3   0   4   1   0 |   6   6   1   8  11   4   2   9   4   3   4   0   3   0   0   6
  5→9      59    57  14  3.55  13  3.42 |   9   9   7   2   4   2   7   3   4   0   4   1   2   0   2   3 |   7   5   4   5   9   3   6   1   9   0   1   1   3   0   3   0
 13→8      71    69  14  3.54  14  3.63 |   4   6  14   6   3   4   6   3   0   7   9   3   0   2   1   3 |   6   3   8   3   8   2  10   3   0   7   4   6   4   2   0   3
 11→20     76    65  14  3.53  11  2.89 |  11  13  10   6   3   4   3   0   4   3   6   0   2   2   2   7 |  11  17  12   3   0   9   1   0   1   1   5   0   0   0   1   4
  8→13     68    75  14  3.53  15  3.77 |  10  10   9   9   3   4   4   3   3   0   3   2   1   2   0   5 |   9   8   2   4   8   6   5   5   4   4   4   5   5   0   1   5
 13→9      79    55  15  3.50  14  3.49 |  13   9   3   8  10   9   2   0   7   4   1   1   1   3   7   1 |   8   4   6   8   6   2   2   0   5   0   1   1   1   4   6   1
 17→8      72    81  16  3.48  16  3.69 |  10  14   3   1   3   1   4   4   8   2   6  11   1   1   1   2 |  12   9   1   1   5   4   6   7   6   4   3  11   2   1   5   4
  9→17     66    67  14  3.48  12  3.04 |  12  10   0   7   2   2   2   1   4   3   0   1   4   7   6   5 |  18   3   3  10   1   0   0  11   1   0   7   0   5   1   6   1
 21→12     80    67  16  3.46  11  3.19 |  10   8   3   3   8  18  11   4   1   1   1   4   2   2   1   3 |   6   9   1   7   6  14   9   6   4   0   0   1   4   0   0   0
  9→1      78    69  13  3.45  15  3.64 |  12   7   8   4   9   9   1   8   9   0   4   0   3   2   2   0 |  12   7   5   8   4   5   1   5   6   1   2   2   4   5   0   2
 19→1      71    66  15  3.45  13  3.08 |  13   7  11   2   5   2  12   5   2   0   2   1   3   1   2   3 |  23   9   2   7   0   5   4   4   2   0   0   1   4   2   2   1
 14→8      56    62  14  3.44  13  3.21 |   6  11   5   8   7   0   1   2   2   2   5   0   2   2   1   2 |   9  15   2  11   6   1   0   1   2   0   4   2   2   5   0   2
 12→21     66    62  14  3.43  12  2.83 |   6   2   6  14   8   9   6   2   3   2   3   3   0   1   0   1 |   6   0   4   7  17  18   1   2   2   0   0   2   1   1   1   0
 20→21     68    61  13  3.39  10  2.75 |   6   8  10  12   5   8   7   3   2   1   2   0   2   2   0   0 |   2  14  17  11   5   4   5   0   0   0   1   0   1   1   0   0
 17→3      67    62  14  3.38  10  2.93 |   4   4  10  12   3   5  14   3   3   2   3   0   2   0   1   1 |   3   4   6  16   5   3  13   9   0   1   0   0   0   0   0   2
 14→19     57    60  13  3.37  12  2.77 |  12   6   1   7   2   1   4   5   0   3   4   0   4   7   1   0 |  23  13   1   6   1   3   0   4   0   2   1   0   0   2   2   2
  8→10     64    80  14  3.37  11  2.91 |   5   8  10   6  15   1   1   2   3   0   0   2   2   4   3   2 |  19  17   9   5  15   0   1   1   0   0   0   0   2   3   6   2
  9→5      49    66  12  3.36  13  3.45 |   4   6   9   3   2   5   3   2   5   0   0   0   2   1   0   7 |  10   3  12   4   5   3   7   2   7   0   1   0   0   5   3   4
  9→13     67    59  13  3.34  13  3.50 |  15  11   2   1   6   3   3   0   3   7   0   7   3   2   4   0 |  11   4   5   6   4   5   0   0   6   4   5   1   1   0   4   3
  5→20     73    60  13  3.34  14  3.42 |  15  10   7   5  10   4   5   0   1   1   0   1   0   3   7   4 |   8  11   8   2   6   4   8   0   3   0   1   3   2   1   1   2
  1→9      61    78  12  3.33  15  3.37 |   8   9   5   0   3   8   1  10   2   0   6   3   2   4   0   0 |  19   3   3   5   5  15   6   6   3   0   5   4   1   1   1   1
  9→10     69    70  15  3.33  11  2.98 |  19   7  13   2   3   2   2   1   4   1   3   2   0   3   3   4 |  17  11  13   1   8   0   0   0   5   1   5   2   0   1   0   6
 16→2      68    65  12  3.33  13  3.39 |   7   2   3  15   5   7   8   3   6   6   5   0   0   0   1   0 |   4   4   5  17   3   4   4   3   6   7   5   0   0   0   1   2
 19→13     67    63  13  3.33  15  3.62 |  15  10   6   3   9   4   2   0   6   3   1   0   0   4   3   1 |   9   6   6   1   9   4   1   2   7   4   3   4   2   4   0   1
 21→8      79    58  15  3.32  12  2.99 |  12  23   4   2   1   7   0   1   2   2   2   4   3   3   5   8 |  10  16   0   1   1   6   1   3   0   0   1   0   2   5   2  10
 20→6      67    65  15  3.32  11  2.61 |  15  12   5   1   1   9   7   0   2   1   1   1   4   3   1   4 |  29  11   1   0   4   4   6   0   1   3   0   1   2   3   0   0
 20→14     65    84  14  3.31  12  2.54 |  20   6   2   3   4   8   1   2   5   3   3   0   4   1   3   0 |  43   9   3   1   5   7   2   0   4   2   0   1   2   0   5   0
  1→19     57    65  12  3.30  14  3.48 |   9   9   6   1   8   5   3   0   7   0   3   0   3   0   1   2 |  10  10   5   5  11   4   1   3   4   0   4   0   2   3   1   2
  8→17     58    78  14  3.30  15  3.57 |  11  16   2   2   3   4   1   3   3   2   4   0   0   2   1   4 |  12  16   5   5   0   5   1   1   4   3   3   4   5   2   6   6
 20→13     65    64  15  3.30  13  3.14 |  18   7  11   2   6   2   4   2   1   1   2   4   1   3   1   0 |  18   8  12   3   2   2   6   2   0   1   4   3   0   1   2   0
 20→1      57    62  13  3.30  12  2.91 |  12  11   5   4   5   6   1   0   0   2   1   2   1   4   3   0 |  16  16   7   3   2   1   1   0   1   9   0   2   0   2   2   0
 19→17     73    68  16  3.29  14  3.29 |  23   7   5  12   1   2   2   1   3   3   4   3   2   3   1   1 |  21   5   4   8   4   3   2   7   1   4   2   0   4   2   1   0
 16→19     62    72  14  3.29  10  2.36 |   8   6   9  11  12   2   1   0   2   1   1   2   1   4   0   2 |   6   6   9  10  35   0   1   0   0   1   0   1   1   2   0   0
 13→20     70    57  13  3.28  13  3.36 |  17   4  10   3   8   2   4   1   0   0   4   5   0   1   2   9 |   9   8   9   0   9   5   2   2   0   0   3   1   2   2   2   3
  1→20     55    81  14  3.28  13  3.20 |  10   9  10   3   1   8   1   0   1   2   0   2   1   4   1   2 |  14  21  11   4   7   1   2   0   3   0   1   5   3   4   0   5
  9→11     59    65  14  3.28  13  3.41 |  13   6   7   3  11   2   7   1   1   2   0   2   2   1   1   0 |  16   4   7   3   4   5   5   0   1   7   4   2   4   0   3   0
 14→9      56    62  15  3.27  13  2.89 |  12  10  12   2   1   2   1   4   2   0   1   1   1   2   3   2 |  22   8  11   7   2   1   0   2   1   1   0   2   1   2   2   0
  5→16     74    67  13  3.27  10  2.87 |   4   9  11   4  20   5   2   2   3   2   0   3   0   0   2   7 |   3   4   8   8  23   7   8   2   2   2   0   0   0   0   0   0
 16→11     60    64  13  3.26  14  3.29 |   6  12   3  13   6   5   5   1   0   3   2   0   1   0   1   2 |   5   5   4  14   3  13   8   0   1   1   1   0   1   2   2   4
 21→20     73    71  14  3.26  12  2.71 |   3   7   6  14   5  20   3   2   4   1   2   2   2   2   0   0 |   2   6   7  23   2  21   3   0   1   0   1   0   2   1   0   2
  8→12     79    70  15  3.25  11  3.13 |  18  11  12  12   7   2   2   1   0   5   1   1   2   3   1   1 |   6  14   9   9   7   5  12   0   0   3   0   0   1   0   3   1
 13→16     72    63  14  3.24  14  3.33 |  16  12   9   2   5   1   0   9   8   3   1   1   1   0   1   3 |   6  12   7   4   3  13   2   7   2   2   0   1   0   1   2   1
  9→12     63    70  13  3.24  11  2.69 |  18   9   5   2   2   6   4   0   5   0   5   1   2   3   1   0 |  28   9   9   8   0   1   6   0   3   1   3   1   1   0   0   0
 16→13     57    78  12  3.23  13  3.20 |  11   8   9   4   1   7   0   5   3   5   2   0   1   0   1   0 |   5  14  17   7   3  10   2  11   3   2   2   0   0   1   1   0
  5→19     73    59  12  3.23  11  3.21 |  16  12  11   6   6   2   4   0   5   1   5   0   2   0   3   0 |  13   9   6   7   4   6   3   0   3   0   3   0   0   0   4   1
 11→6      60    74  13  3.22   9  2.80 |  10  11   4   5  12   5   1   5   2   1   2   0   1   1   0   0 |  12  16   7   1  18   7   8   3   0   0   0   2   0   0   0   0
 19→5      80    69  13  3.21  12  3.19 |   8   9  18  10  12   0   9   3   2   0   0   1   4   1   2   1 |  12   9   9   8   4   7  12   1   0   1   2   1   0   0   0   3
 11→9      62    69  14  3.20  14  3.28 |  18   6   8   4   7   1   4   1   1   1   1   6   1   0   0   3 |  18   5   4  14   5   1   5   0   1   3   4   3   1   0   2   3
  9→21     68    64  13  3.19  10  2.17 |  18   7   2   1   6   6   2   5  12   4   1   3   0   1   0   0 |  34   6   2   3   1   0   1   1  13   0   1   0   0   2   0   0
  3→11     62    79  15  3.19   9  2.45 |  18   8   7   1   3   9   1   1   2   1   0   1   2   6   1   1 |  20  25  17   3   0   8   0   1   0   0   1   0   2   0   0   2
 11→18     69    72  14  3.18   7  2.13 |  11  10  19   7   4   5   2   1   2   3   0   2   1   0   1   1 |  23  19  21   5   1   0   0   0   0   0   0   1   0   0   0   2
 17→9      52    59  12  3.17  12  3.14 |  15   2   0   3   3   0   0   2   4   2   7   0   4   7   2   1 |  14   5   2  10   1   2   0   3   3   0   4   0   2  11   2   0
 17→19     56    55  13  3.17  14  3.13 |  17   6   0   3   2   2   2   2   5   1   9   1   2   0   4   0 |  17   9   1   5   1   4   0   5   1   3   5   1   1   1   1   0
 21→7      69    61  12  3.16  10  2.76 |   9  19   8   4   5   0   0   1   0   5   5   5   6   1   1   0 |   4  18   4   5   4   0   1  15   0   1   0   1   8   0   0   0
  8→6      57    69  12  3.16  14  3.27 |   9  14   5   5   3   5   8   1   0   1   0   1   3   0   2   0 |  13  17   9   5   4   1   4   1   0   0   3   1   2   2   2   5
  3→2      62    70  14  3.15   8  2.67 |   6   9  14  15   4   2   1   1   2   2   1   0   1   2   0   2 |  11  18  13   8  12   0   1   0   0   5   0   0   0   0   0   2
 13→12     69    55  14  3.14  10  2.77 |  15   7  16   1   2   3   1  10   2   3   1   1   6   0   1   0 |  11   4  14   2   2   3   0  14   2   0   0   1   0   2   0   0
 13→0      78    77  15  3.13  10  2.68 |  27  13   1   7   5   4   1   2   0   2   6   2   2   3   2   1 |  26  12  17   1   7   4   0   3   0   3   2   2   0   0   0   0
  1→16     65    73  13  3.13   9  2.97 |   6   9   8  12  14   7   2   1   0   2   1   0   1   1   1   0 |   9  15   6   5  16   9   5   5   3   0   0   0   0   0   0   0
 21→9      62    62  13  3.13  14  2.55 |  22   6   3   2   2   2   1   2   4   3   7   5   0   3   0   0 |  32   4   1   1   1   2   7   2   1   0   7   1   0   1   1   1
  7→15     60    85  12  3.12  13  2.86 |  13   6   5   3  15   2   4   0   1   1   0   0   2   5   3   0 |  26  13   1   1  14   2   4   1   0   1   0   1   7  13   1   0
  3→17     58    59  13  3.12  13  3.25 |   6  20   4   2   5   5   4   5   1   2   1   0   2   0   0   1 |   6  16   7   2   6   4   7   3   1   2   0   0   2   0   2   1
  0→5      77    61  12  3.11   9  2.71 |  13  10  14  10  10   1   9   0   0   1   0   2   1   1   0   5 |  12   3  19   7   5   4   9   0   1   0   0   0   0   0   0   1
  7→8      60    74  12  3.11  14  3.08 |   7  12  11  12   0   5   1   3   0   0   2   2   2   1   0   2 |  11  16   6  16   1  11   2   0   1   1   1   0   2   1   4   1
  3→15     62    65  13  3.10   8  2.46 |  12  16   3   5  10   3   5   1   2   0   0   2   1   1   0   1 |  18  12   9  18   4   2   1   0   0   0   0   1   0   0   0   0
  8→14     63    62  11  3.10  12  2.90 |   6   8   9  10  10   0   1   5  10   0   1   0   2   0   0   1 |  10  19   3   2  13   1   1   5   2   3   0   1   0   0   0   2
  2→14     63    83  13  3.09   9  2.68 |   3  17   5   8  11   8   1   2   4   1   0   1   0   1   0   1 |   8  18   6   7  28   9   1   3   3   0   0   0   0   0   0   0
 16→5      61    59  12  3.09  10  2.99 |   6   4   9   5   5  17   8   0   3   1   1   0   0   0   1   1 |   5   4   3   9  12  13   7   2   0   0   0   1   0   3   0   0
 18→8      57    80  13  3.09  13  2.98 |   7   4   4   2  19   8   3   0   0   0   1   1   3   3   1   1 |  13  20   5   8  17   8   1   0   2   0   0   1   1   1   2   1
 19→10     83    66  15  3.08  10  2.51 |  27  19   5   1   1   2   2   4   3   2   6   5   1   3   2   0 |  24  17   3   0   0   2   0   3   1   1  11   2   0   2   0   0
  0→11     68    63  15  3.08   7  2.03 |  19   8  13  10   5   1   1   0   1   1   2   1   3   1   1   1 |  34   8  10   5   3   0   0   0   0   0   0   0   2   0   1   0
 18→2      64    70  14  3.07  10  2.77 |   9  15  11  13   4   2   2   0   1   1   1   1   0   1   1   2 |   9  12  17  15   6   7   1   0   0   0   1   0   1   1   0   0
  9→7      68    64  15  3.07  12  3.03 |  18  15  13   1   1   3   2   0   2   3   1   4   1   2   1   1 |  18  11   8   2   8   5   0   1   5   0   0   2   2   0   1   1
  3→13     69    54  14  3.07  11  2.66 |  18  15   4   1   2   2   2  13   2   0   1   2   0   4   2   1 |  24   8   6   2   0   0   2   3   0   3   0   1   1   2   2   0
 20→2      59    55  12  3.05   9  2.51 |  21   2   6   5   5   3   5   1   0   2   0   2   0   0   5   2 |  22   1   7   3   3   1  10   0   0   0   0   0   0   1   7   0
 19→11     66    63  12  3.04  11  3.03 |  19   5  10  10   4   6   0   0   1   0   4   0   1   1   1   4 |  16   8   7  12   5   5   2   0   1   1   0   0   0   0   3   3
 10→8      74    51  12  3.04  11  2.97 |  10  21   6   9  12   3   0   0   2   0   1   0   1   2   2   5 |   8  15   6   6   4   0   1   0   0   1   0   1   0   5   3   1
 18→13     68    73  12  3.03  10  2.80 |  19  12   7   4  11   3   2   0   0   0   1   0   2   1   3   3 |  19  17  11   7   5   7   0   0   0   1   1   0   0   1   4   0
 19→16     55    79  12  3.02  11  2.72 |   6   9  16   5   8   2   0   0   0   2   1   1   0   2   1   2 |  10   9  26   6  18   0   0   0   1   3   0   1   0   2   1   2
 20→12     76    65  13  3.02  10  2.65 |  23  16  10   6   4   1   3   1   0   2   0   0   2   2   3   3 |  21   9  15   8   1   0   0   1   5   2   2   0   0   0   1   0
 16→0      69    68  12  3.02   6  2.32 |   4  17  13  14   0   0   1   0   2   2   1   3   6   2   0   4 |  13  17  19  13   0   0   0   0   0   0   0   0   4   0   0   2
 14→5      71    74  11  3.02   8  2.59 |  12   5   8  13   7  16   4   2   1   0   1   0   0   0   2   0 |  20   3  19   7   8  13   2   2   0   0   0   0   0   0   0   0
  9→6      74    74  13  3.02  11  2.85 |  23  10  11   9   1   5   4   0   1   1   4   0   1   1   3   0 |  27   5  12  10   0   2   4   3   2   0   2   0   0   2   5   0
  2→3      64    72  11  3.02  11  2.73 |   8  11   6  17   7   0   0   2   0   2   1   3   1   0   0   6 |   1  15  20  12   3   2   1   1   3   0   0   0   1   0   0  13
  3→5      73    53  12  3.01  10  2.45 |  14  19   7   0   2   2   5   6   2   1   2   0  12   0   0   1 |  21  14   6   0   1   0   1   3   1   0   0   0   4   1   1   0
  0→1      71    65  12  3.01  10  2.73 |  17  14  13   6   2   1   7   0   0   0   2   1   0   3   4   1 |  20   8  14   5   2   4   9   0   0   0   0   0   0   1   1   1
 13→3      46    66  12  3.01  12  2.40 |  13   4   4   1   1   2   0   3   1   3   0  11   0   1   2   0 |  31   7  12   1   1   0   1   0   1   0   1   8   0   1   1   1
  8→18     72    62  12  3.01  11  2.66 |  10  14   4   8   7  19   2   0   1   2   0   0   3   1   0   1 |   6  19   5   1   7  18   0   1   0   1   0   0   1   2   0   1
  9→14     77    55  13  3.01  10  2.68 |  15  16  15   1   2  10   0   1   2   2   2   1   0   0   9   1 |  20   9   8   1   4   0   0   0   0   0   1   7   2   0   1   2
  3→12     67    62  15  3.00   8  1.82 |  28   1   3   2   0   6   3   7   1   3   6   1   1   2   2   1 |  29  23   1   0   0   1   0   5   1   1   1   0   0   0   0   0
 10→2      67    41  12  3.00   7  2.45 |   8  13  11  17   4   4   0   0   0   2   4   1   0   1   1   1 |   2  11   6  10   1   9   0   0   0   0   0   0   0   2   0   0
 10→19     63    56  12  3.00  10  2.72 |  15   8   0   1   3   0   1   2   1   1   7   6   3  15   0   0 |  20  11   1   5   6   2   0   0   2   0   0   0   2   6   1   0
 11→16     61    68  13  2.99   8  2.72 |   9  14   5  14   9   1   0   0   1   1   2   1   0   1   1   2 |   6  10  12  17   5  13   4   0   0   0   0   1   0   0   0   0
  6→8      53    72  11  2.99  14  3.10 |   6   8  16   4   4   6   4   1   2   0   0   1   0   1   0   0 |  17   8  19   7   2   5   2   1   0   3   1   2   0   3   1   1
 11→19     73    58  13  2.99  10  2.66 |  27   5   8  11   2   0   4   0   3   0   2   2   3   1   1   4 |  23   7   2  11   4   0   3   0   1   0   3   2   0   0   2   0
  7→21     62    73  12  2.99  12  3.11 |   8  19   9   5   7   0   0   1   2   1   6   2   0   1   1   0 |   5  22  10   5   4   0   2   5   1   6   9   0   3   0   0   1
  7→1      67    59  12  2.98  12  3.17 |  14  19   6   2   1   5   0   7   7   1   2   2   1   0   0   0 |   8  12   6   3   1   5   1  12   0   0   5   1   2   3   0   0
 12→20     75    69  15  2.98   8  2.41 |  28  10  11   1   4   1   6   1   1   2   4   1   2   1   0   2 |  20  18   6  17   0   1   0   0   2   0   0   0   3   0   0   2
  5→15     72    56  12  2.97   8  2.30 |  12  26   6   4   4   4   0   0   3   4   0   1   3   1   4   0 |  15  23   7   4   2   2   0   0   0   0   0   0   2   0   1   0
  6→19     61    51  14  2.97   8  2.11 |  19  12  10   1   4   1   1   2   0   0   1   1   1   5   1   2 |  24  14   3   0   5   0   2   1   0   1   1   0   0   0   0   0
  2→10     62    70  11  2.97   7  2.37 |   7   7  13  15   6   7   0   0   1   2   1   0   0   2   1   0 |   7   9  17  26   5   5   0   0   0   0   0   0   0   0   1   0
  1→0      66    46  13  2.96   9  2.74 |  22  12   9   2   6   3   3   1   0   0   3   1   1   2   0   1 |  15   8   5   5   6   3   2   0   0   0   0   0   1   0   1   0
  5→3      69    63  12  2.95   7  2.54 |  14  22   7   0   4   1   5   3   1   3   1   0   6   0   2   0 |  14  18  12   0   7   0   2   0   0   4   0   0   6   0   0   0
 11→3      68    72  12  2.95   8  2.23 |  14  16   9   0   1   2   1   1   3   0   0   2  12   1   0   6 |  22  28   6   3   0   1   1   0   0   0   0   0   9   2   0   0
  6→16     82    78  15  2.95  10  2.29 |  21  25  11   4   1   1   2   2   4   1   3   0   1   1   1   4 |  16  31  19   1   1   0   0   1   1   0   0   2   0   5   1   0
 15→12     51    61  12  2.95  12  3.07 |  17   8   2   0   2   1   4   2   7   5   1   1   0   0   0   1 |  17   2   3   7   1   5   2   3  12   6   2   0   0   1   0   0
  5→0      59    69  11  2.95   8  2.71 |   9  15   9   8   8   3   3   1   1   0   0   0   0   1   1   0 |  12  20   5  10   9   4   8   0   0   0   0   0   0   0   0   1
 13→15     55    73  13  2.94  10  2.57 |  21   2   8   6   2   3   5   2   0   1   2   1   1   0   1   0 |  29  11   8  12   2   4   0   0   1   1   4   1   0   0   0   0
 19→14     76    71  14  2.93  12  2.72 |  19  26   2   1   2   4   3   1   0   2   4   2   0   1   6   3 |  28  15   2   2   4   1   0   1   0   3   8   0   1   3   3   0
 12→9      79    61  13  2.93  11  2.88 |  14  19   2  22   1   4   3   1   4   0   4   1   2   2   0   0 |  21   6   5   6   0   8   5   1   6   0   1   0   1   0   1   0
 10→9      66    66  12  2.93   9  2.57 |  18   7  17   4   1   0   0   1   2   2   4   0   1   2   0   7 |  21  16  11   2   3   0   0   0   2   0   2   1   0   0   0   8
  5→18     66    67  12  2.93   7  2.27 |  11  11  10  16   9   1   1   0   0   2   2   1   0   0   1   1 |   7  18   8  26   5   0   2   0   0   0   0   0   0   0   1   0
 14→20     66    51  14  2.92  12  2.68 |  28   8   0   1   1   1   3   5   1   5   3   0   4   1   3   2 |  22   4   1   0   1   2   3   3   1  10   0   0   2   0   1   1
  0→14     58    61  13  2.92   8  2.11 |  22   8   0   5   3   1   1   2   1   8   2   2   0   2   0   1 |  28  18   1   4   0   1   2   0   2   5   0   0   0   0   0   0
  3→21     73    66  12  2.92   8  2.10 |   2  23  13  13   5   1   0   5   0   3   3   2   2   0   0   1 |   2  32  15   3  10   0   1   1   0   0   0   0   2   0   0   0
 13→19     53    78  11  2.91  14  3.44 |  16   9   2   2   6   0   0   9   0   2   0   1   3   2   1   0 |  16   7  10   6   6   2   1   8   1   6   0   3   8   2   2   0
  8→7      62    71  11  2.91  12  3.01 |  10  10   5  11   1  16   2   0   1   0   0   1   3   2   0   0 |  13  12   5  12   4  14   6   1   0   0   1   0   1   0   1   1
  1→7      62    70  12  2.90  11  2.70 |  16  14   7   0   1   9   1   7   1   0   1   0   1   2   2   0 |   9  23   1   1   4  17   2   7   0   0   4   1   0   0   1   0
 15→3      62    72  12  2.90   9  2.65 |   9   4  13   9   3   1  17   1   0   1   1   2   0   1   0   0 |  20   7  16   8   2   2  14   0   0   1   0   2   0   0   0   0
  1→12     65    68  13  2.89  11  2.80 |  10   7   7  19  13   0   0   1   1   0   2   1   1   1   1   1 |  15   3   4  22   9   1   2   1   1   6   0   0   0   0   0   4
  6→11     61    71  10  2.89   8  2.67 |   6   5  10   3  14  14   1   2   0   0   5   1   0   0   0   0 |  18   6  12   3  17   7   1   7   0   0   0   0   0   0   0   0
 19→21     57    76  14  2.88  11  2.39 |  25   5   1   6   3   5   3   1   2   1   0   1   1   1   2   0 |  39  11   4   8   4   2   3   0   1   0   1   1   0   0   2   0
 19→3      62    77  13  2.88   6  2.00 |  16  15  13   0   2   4   1   1   1   1   1   2   4   0   0   1 |  18  32  19   0   0   0   3   0   1   0   0   0   4   0   0   0
 13→18     62    66  11  2.87   8  2.51 |  17  15   1   4   2   9   4   5   1   1   0   0   0   0   3   0 |  19  20   6   8   3   7   0   0   0   2   0   0   0   0   1   0
 12→15     73    54  11  2.87  10  2.83 |  27  11   3   4   0   3   3   6   9   3   3   0   0   0   1   0 |  17   2   1   7   0   6   5   6   8   1   1   0   0   0   0   0
 20→7      64    65  11  2.87  11  2.56 |  23   2  11   6   7   3   3   0   0   1   0   0   3   0   3   2 |  32   4   2   6   7   4   2   0   1   0   2   0   4   0   0   1
  6→9      75    57  12  2.87  11  2.67 |  19  15   7  16   0   7   3   1   1   0   1   1   0   3   1   0 |  23   4   3  11   0   4   6   0   2   0   1   1   0   1   1   0
  3→1      71    58  12  2.87   9  2.56 |  16  24   3   0   5   1   1   7   2   3   5   0   1   0   0   3 |  12  19  12   0   1   0   0   6   0   0   3   1   2   0   0   2
  2→18     79    81  12  2.86   7  2.32 |  11   9  10  27   6   8   0   0   1   2   1   2   1   1   0   0 |  12  11  15  33   4   5   0   1   0   0   0   0   0   0   0   0
 17→4      74    58  10  2.86   9  2.80 |  11   6  17  16   9   8   1   4   0   0   1   0   0   0   0   1 |  11   5  15  11   7   3   3   2   0   0   0   0   0   0   0   1
 15→11     64    79  14  2.86  10  2.09 |  28   8   5   4   1   1   1   2   1   0   4   3   4   1   0   1 |  48   7   3   3   0   0   5   1   0   0   0   2   7   2   1   0
 13→7      75    72  10  2.86  10  2.76 |  23   2   5   2   9  13   1   0   4   0  10   0   6   0   0   0 |  27   6   8   0   6   9   2   0   1   0   7   0   0   0   5   1
  2→17     64    72  12  2.85   5  2.04 |  15  14  16   5   0   0   2   0   4   0   2   2   1   1   1   1 |  25  22  13  10   0   0   0   0   2   0   0   0   0   0   0   0
 18→1      56    49  11  2.85   8  2.73 |   5  14   9  15   2   3   1   3   0   0   0   0   0   1   2   1 |   3  10   8  11   3   9   0   0   0   0   0   0   0   1   0   4
 19→6      63    64  13  2.85  11  2.30 |  26  10   4   2   2   1   4   1   1   2   0   1   0   5   0   4 |  31  12  10   1   1   1   0   3   1   0   0   1   0   2   0   1
 16→1      49    65  10  2.84  11  3.20 |  12   3  10   8   3   8   1   0   2   0   0   0   0   0   1   1 |   4   4  10  10   4  13   6   4   7   2   0   1   0   0   0   0
 19→18     47    78  13  2.84  11  2.76 |  15  14   1   1   1   0   0   0   2   1   1   2   3   2   3   1 |  35   6   4   7   0   1   0   6   4   3   0   5   0   0   4   3
 10→20     54    60  12  2.84   9  2.26 |  21   2   0   0   1   8   0   7   3   1   3   2   0   4   1   1 |  32   2   2   2   3   4   0   9   5   0   0   1   0   0   0   0
  7→13     82    68  12  2.83  13  3.04 |  33   5  12   3   3   7   0   4   1   0   2   1   8   0   3   0 |  20   5  11   1   0  10   2   1   1   1   5   1   7   3   0   0
  0→16     70    73  10  2.83  10  2.64 |  15  14  11  15   3   2   0   1   2   0   0   2   0   0   0   5 |  15  19  15  14   0   0   0   2   0   2   0   2   1   1   0   2
  1→3      69    64  13  2.82   8  2.35 |  12  22   2   2   5   1   1   0   2   1   1   0   0   2   2  16 |  21  22   6   0   3   0   0   0   1   0   5   1   0   0   0   5
 18→5      58    64  11  2.82   7  2.10 |  10   5   9  18   8   0   2   1   0   1   2   1   1   0   0   0 |   6   9  18  27   2   0   0   0   0   1   0   0   1   0   0   0
 16→12     69    53  14  2.82   8  2.37 |  17  26   2   6   2   2   0   2   0   2   1   1   4   1   2   1 |   8  19  11  10   2   0   1   0   0   0   1   0   1   0   0   0
  6→20     55    63  10  2.81  14  2.79 |  17  11   8   0   1   0   4   2   0   1   4   0   5   0   2   0 |  24  16   2   2   3   1   4   1   1   2   1   0   4   1   0   1
 12→13     64    64  11  2.80   9  2.62 |  21   9   9   0   3   0   0   2  12   2   2   1   1   0   2   0 |  16   5  20   2   4   1   0   6   9   0   0   0   0   0   1   0
 11→0      69    73  12  2.79   8  2.01 |  25  13   7   9   4   0   0   0   1   1   3   1   2   1   0   2 |  40  13   6   8   3   0   0   0   1   0   1   0   1   0   0   0
 10→13     68    64  12  2.78   8  2.57 |  15  21  11   5   7   3   1   1   0   0   1   0   1   1   0   1 |  17  19   5   6   5   9   0   0   0   2   0   0   0   0   0   1
 16→7      69    48  13  2.77   9  2.49 |  25  19   2   1   4   4   0   3   1   0   2   2   1   2   3   0 |  16  14   5   6   0   2   0   0   1   0   0   0   1   1   2   0
 16→8      64    53  13  2.77  11  2.14 |  30   3   5   4   5   0   1   1   5   1   0   0   4   2   2   1 |  32   1   2   2   3   1   1   1   7   0   0   0   2   1   0   0
 13→10     62    54  11  2.75   9  2.72 |  16  20   2   6   2   7   1   0   0   0   2   0   1   2   0   3 |  12  14   6   7   1   9   0   0   0   1   0   0   0   2   0   2
 12→8      50    74   9  2.74  12  2.96 |   6   9  14   8   0   7   0   0   0   1   0   0   2   2   0   1 |  13   7  26   5   6   4   3   0   2   3   2   1   2   0   0   0
  7→19     61    71  11  2.74  11  2.57 |  21  16   2   0   6   0   0   4   3   1   0   2   0   2   2   2 |  22  21  11   0   7   0   1   2   1   0   2   1   0   0   2   1
 10→11     67    74  12  2.74   8  2.37 |   9  22  18   3   0   0   3   1   3   2   3   0   1   1   0   1 |  12  23  21  11   0   0   0   2   3   0   0   1   1   0   0   0
  5→14     61    62   9  2.74   8  2.73 |  17   4   5  14   9   7   2   2   0   0   0   0   1   0   0   0 |  14   9   6   8  15   6   1   3   0   0   0   0   0   0   0   0
 17→0      65    68  11  2.74   9  2.48 |  26   4   1  11   1   7   4   4   1   3   0   3   0   0   0   0 |  31   8   0  11   4   4   0   3   2   3   0   2   0   0   0   0
 12→16     66    62  12  2.74   7  2.43 |  21  21   3   3   3   2   2   0   0   0   2   2   5   1   0   1 |  14  17  14   9   1   0   0   0   0   0   0   0   5   0   0   2
 21→3      65    79  11  2.74   9  2.11 |   6   8   6   6  27   0   0   2   1   0   0   1   4   3   1   0 |   1  16  13   4  39   0   1   1   0   0   0   0   3   0   0   1
  7→20     60    83  10  2.73   9  2.63 |  21   3  11   7   4   7   4   1   0   0   1   0   0   0   0   1 |  32   9  11   5   4  13   3   0   0   0   5   0   1   0   0   0
 14→16     56    60  12  2.73   8  1.94 |  12  13  17   1   0   1   1   1   1   3   0   0   0   2   1   3 |  16  29  10   0   0   0   1   1   1   0   0   0   1   1   0   0
 14→2      61    64   9  2.73   9  2.61 |   4  15   5  14   9  10   0   2   1   0   0   0   0   1   0   0 |   5  13   3  21  12   6   0   2   1   0   0   0   0   0   0   1
 20→15     63    61  12  2.72   8  1.98 |  25   5   6  11   1   1   2   7   0   1   0   1   0   2   0   1 |  32   0   2  15   1   6   0   3   1   0   0   1   0   0   0   0
 15→1      58    58  12  2.72  10  2.53 |  14  21   4   1   3   7   0   1   2   1   1   0   2   0   1   0 |  20  17   5   6   1   2   1   0   4   0   1   1   0   0   0   0
  0→3      60    57  13  2.71   9  2.30 |  18  13   1   1   0   0   1   4   2   1   1  15   0   1   1   1 |  22  19   1   1   4   0   1   4   2   0   0   3   0   0   0   0
  1→18     70    71  12  2.71   8  2.68 |  12   9  12  25   1   3   1   2   2   1   1   0   0   0   1   0 |  16  16  14  10   4   6   0   4   0   1   0   0   0   0   0   0
 18→0      75    70  13  2.71   7  1.63 |  27  22   0   3   2   2   3   1   4   0   4   4   0   1   1   1 |  44  14   2   0   1   1   1   0   0   0   7   0   0   0   0   0
 19→7      73    50  15  2.70  12  2.52 |  29  20   1   1   2   1   1   1   5   2   1   2   0   3   3   1 |  23  11   1   2   1   1   1   1   1   2   0   2   0   0   4   0
 15→7      64    59  12  2.69  11  3.22 |  23   1  16   0   8   1   3   0   0   3   1   1   4   2   1   0 |  12   2   1   4   8   6   4   2   0   0   0   0   7   6   7   0
  7→16     70    73  13  2.69  10  2.43 |  23  23   4   2   2   0   2   1   1   5   1   0   2   0   3   1 |  20  27   9   7   1   5   1   1   0   0   1   0   0   0   0   1
 16→15     71    78  13  2.69   7  1.78 |  30   9   8  10   1   4   3   0   1   1   1   1   1   0   1   0 |  48  11   7   8   0   1   2   0   1   0   0   0   0   0   0   0
  9→4      66    60  13  2.68   7  2.06 |  23  21   3   3   0   1   1   2   2   0   2   2   4   1   0   1 |  27  17   2   6   1   6   0   0   0   0   1   0   0   0   0   0
  4→17     58    79   8  2.68   8  2.78 |  10  13  12   5   9   7   1   0   0   1   0   0   0   0   0   0 |  12  14   7  19   4   9   2  12   0   0   0   0   0   0   0   0
 16→6      60    62  12  2.68   8  2.44 |  14  12  20   2   2   1   1   1   0   1   2   0   0   1   0   3 |  18  14  16   2   1   0   0   0   0   0   0   4   0   6   0   1
 11→10     69    59  12  2.68   7  2.16 |  18  11  20  10   0   2   1   1   2   1   1   1   0   1   0   0 |  14   8  26   6   0   0   0   3   1   0   0   1   0   0   0   0
 12→1      69    63  10  2.67  10  2.80 |   7   7  17  11  20   2   1   0   0   0   2   0   1   0   0   1 |   6   2   5   6  25   4   4   6   1   4   0   0   0   0   0   0
  5→10     55    63  10  2.67   7  2.03 |   7  12   8  18   3   0   1   1   1   0   0   0   0   3   1   0 |  11   8   6  33   3   0   0   0   0   0   1   0   0   0   1   0
 18→11     70    60  11  2.66   7  2.35 |  21  15  17   3   0   1   0   3   1   0   0   3   4   0   1   1 |  12  15  18   9   0   0   0   1   0   0   1   0   4   0   0   0
 18→9      66    73   9  2.66  10  2.55 |  16   7  11  20   3   2   0   0   0   0   0   2   3   0   0   2 |  13   7   8  30   7   2   0   0   3   0   1   1   0   0   0   1
 10→5      66    68  11  2.65   7  2.23 |   9  11   7  26   5   0   1   0   1   2   0   1   1   0   0   2 |   9  11   9  30   7   0   0   0   1   0   0   0   0   0   1   0
 21→19     62    66   9  2.65  10  1.96 |  25   5   3   3   3   0  11   0   6   0   3   3   0   0   0   0 |  41   4   3   2   2   0  10   1   1   0   1   0   0   1   0   0
  1→10     67    74  11  2.65   9  2.66 |   9  11  19  18   1   1   0   0   1   0   2   0   1   0   3   1 |  10   8  12  23   6  12   0   0   0   0   1   0   0   1   1   0
  0→13     66    69  10  2.64  11  2.54 |  23   9   3   2  16   0   0   5   2   1   4   0   1   0   0   0 |  29   6   6   0  15   2   0   5   2   0   1   1   1   1   0   0
  2→20     71    63  13  2.64  11  2.36 |  33   5   3   4   2  12   5   0   1   1   1   2   1   0   1   0 |  33   4   1   7   0   4   8   0   1   0   1   1   0   1   2   0
 11→13     75    60  12  2.63   7  1.34 |  37   6   6   5   6   3   4   0   0   0   1   0   2   2   1   2 |  45   6   1   1   0   1   5   0   0   1   0   0   0   0   0   0
 12→19     76    57  11  2.62   9  2.29 |  32  13   3   0  10   0   4   0   0   2   0   1   1   1   5   4 |  29   6   9   0   4   0   3   2   0   1   0   2   0   0   0   1
 20→10     64    68  13  2.62  12  2.60 |  29   1   4   1   4  13   0   1   3   1   3   1   0   2   1   0 |  32   3   1   0   6  10   1   5   2   1   0   1   0   2   4   0
  9→18     65    58  10  2.61   8  2.21 |  20   7   6  20   0   3   0   0   2   2   1   0   0   0   1   3 |  13   7   5  27   2   2   0   0   0   1   0   0   1   0   0   0
  4→15     75    54  12  2.61   7  2.11 |  32   5  15   7   6   0   2   0   2   0   1   1   0   2   1   1 |  26   4  12   4   6   1   0   0   0   0   1   0   0   0   0   0
 18→19     66    65  10  2.61  11  2.81 |  20  12   2   1   0   5   1   0   0   2   3   2   0   0  18   0 |  20  10   0  11   0   0   0   5   1   2   1   2   2   0  10   1
  8→16     74    57  11  2.59  11  2.01 |  35   5   3   8   5   1   1   0   8   0   2   0   2   4   0   0 |  37   1   2   3   1   2   1   3   5   0   1   0   0   1   0   0
 18→12     61    69  13  2.59  10  2.34 |  32   6   2   2   4   0   1   1   1   3   2   0   3   3   1   0 |  32  15   2   0   0   0   0   1   0   2   2   1   7   6   1   0
 19→4      64    73  14  2.58   9  1.22 |  34   2   4   1   6   0   1   3   5   2   1   2   1   1   1   0 |  59   2   1   2   5   1   1   0   1   0   0   0   0   0   1   0
  4→8      63    61  12  2.57  12  2.48 |  16  23  11   1   0   1   2   3   1   1   1   0   0   0   1   2 |  17  23  10   1   0   1   0   1   1   0   1   1   1   2   2   0
  4→9      60    56  10  2.54   8  2.20 |  23  17   4   1   2   3   2   0   2   0   3   0   0   3   0   0 |  14  26   5   3   1   1   0   2   0   0   4   0   0   0   0   0
 16→14     77    65  12  2.53   9  2.38 |  20  11  30   0   2   4   2   0   2   1   1   0   1   1   0   2 |   9  22  21   2   1   2   5   0   2   0   0   0   1   0   0   0
  0→4      61    58  13  2.52   9  2.25 |  32   6   1   2   1   1   6   3   4   2   0   1   1   0   1   0 |  31   7   3   0   5   1   5   4   1   0   0   0   1   0   0   0
 16→17     70    61  13  2.52  12  2.01 |  39   0   2   1   3   0   2   3   3   2   5   1   0   2   4   3 |  41   2   2   0   1   1   3   0   3   1   1   0   0   2   2   2
  3→0      60    45  10  2.51   8  2.12 |  24  16   0   3   1   4   0   4   2   0   0   2   0   3   0   1 |  17  17   1   1   0   3   0   4   1   0   0   1   0   0   0   0
  1→15     55    62   9  2.50   7  2.08 |  21  13   3   0   5   4   1   0   6   0   0   1   1   0   0   0 |  15  30   4   7   1   0   3   0   2   0   0   0   0   0   0   0
  0→17     66    59  11  2.49   9  2.17 |  32   6   0  11   0   3   2   2   4   0   2   1   2   0   1   0 |  30   4   0  13   2   1   0   5   1   1   0   2   0   0   0   0
  6→3      76    77  13  2.49  14  2.53 |  34   3   2   6   1   0   3   1   0  19   1   3   1   1   1   0 |  40   1   1   1   6   1   3   1   0  11   2   4   2   0   3   1
 15→13     60    66  10  2.49   9  2.42 |  29   7   7   4   1   0   1   0   0   4   0   2   3   0   0   2 |  24   4  19   9   0   2   0   1   0   4   0   1   2   0   0   0
  8→4      60    73   9  2.48  11  2.65 |  11  21  15   1   2   1   2   4   0   0   0   0   3   0   0   0 |  19  21  16   0   4   0   1   2   0   0   3   2   1   0   1   3
  3→6      79    56  13  2.47  14  2.86 |  39   0   1  15   1   1   3   1   0   5   6   2   1   0   2   2 |  23   2   3   9   1   1   7   0   1   2   2   2   0   1   1   1
  3→19     58    63  10  2.47   7  1.83 |  17   8  21   0   3   0   0   2   2   0   0   0   2   1   1   1 |  18   8  32   0   0   1   0   0   2   0   0   0   0   1   1   0
 18→20     66    58  12  2.47   8  1.63 |  12  32   7   0   3   0   2   0   0   1   3   2   1   1   1   1 |  11  38   4   0   1   1   1   0   0   0   0   0   1   0   1   0
  1→17     68    55  10  2.46   7  2.31 |  27  13  14   2   4   3   0   1   0   0   0   0   0   2   1   1 |  13  17  10  11   1   0   0   0   1   0   0   0   0   0   2   0
  7→17     75    87  14  2.44   9  1.72 |  42   6   1   2   7   2   5   1   1   3   2   0   1   0   1   1 |  58   2   0   0  14   3   3   0   1   0   0   0   2   2   2   0
 10→1      68    77  10  2.44   7  2.70 |   5  21  13  21   1   0   2   0   0   1   0   0   1   1   0   2 |  10  20  12  13   9   8   0   0   0   0   0   0   0   5   0   0
 12→3      59    56  11  2.43   6  1.65 |  32   3   3   1   3   2   2   4   1   6   0   2   0   0   0   0 |  26  23   2   0   0   1   0   1   0   3   0   0   0   0   0   0
  6→0      71    78   9  2.42   8  1.91 |  28  16  12   1   0   0   3   1   0   5   3   2   0   0   0   0 |  46  13   8   0   0   2   1   3   0   0   0   0   0   1   0   4
 19→12     68    62  11  2.42   8  2.36 |  29  19   0   1   2   0   1   0   1   1   3   5   0   3   0   3 |  24  12  13   0   1   0   1   4   2   0   0   5   0   0   0   0
 15→4      80    48  12  2.42   7  2.06 |  39   7  14   5   7   1   0   0   1   0   0   2   1   1   1   1 |  23   2  12   3   6   1   0   0   0   0   0   0   0   0   1   0
 17→1      68    69  12  2.41   8  2.45 |  26  17  14   0   3   1   0   1   1   1   0   1   1   0   1   1 |  22  13  12  14   2   1   0   0   1   0   0   0   0   0   4   0
 15→16     65    57  11  2.41   8  1.50 |  34   3   3   5   2   9   4   1   0   0   0   0   0   1   1   2 |  42   4   1   1   0   4   3   0   1   0   0   0   1   0   0   0
  3→14     61    81  12  2.41   9  1.96 |  27   3   1  16   0   1   1   2   1   1   6   1   0   1   0   0 |  49   0   1  12   5   0   6   3   1   1   3   0   0   0   0   0
 20→18     71    47  11  2.41   7  2.01 |   9  38   3   0   4   1   0   3   2   5   3   0   1   0   2   0 |  16  20   5   0   1   3   0   0   1   0   0   0   0   0   1   0
 21→0      71    57  13  2.40   7  1.72 |  41   6   3   2   4   3   1   0   1   3   1   0   3   2   0   1 |  36   8   7   0   3   1   0   0   0   0   1   0   1   0   0   0
  3→8      69    70  12  2.39   6  0.74 |  36   5  12   2   1   2   0   1   4   1   0   2   0   1   2   0 |  62   1   4   0   0   0   1   0   0   0   1   0   0   1   0   0
  7→9      56    63   9  2.38  11  2.83 |  17  12  17   0   0   0   4   0   1   2   0   1   0   0   1   1 |  18   6  13   5  11   2   4   0   1   1   1   0   0   0   1   0
 14→18     70    83  13  2.38   5  1.31 |  23  29   5   1   1   1   2   0   1   0   2   1   0   1   1   2 |  29  49   0   0   0   0   1   0   0   1   0   3   0   0   0   0
 11→15     66    58  11  2.37  12  2.56 |  37   5   4   4   2   0   0   4   1   0   0   0   2   4   2   1 |  28   9   4   1   1   0   3   2   1   0   1   2   1   5   0   0
  4→0      65    52  11  2.37   7  1.78 |  36   5   4   0   5   1   4   4   2   1   0   2   1   0   0   0 |  33   7   5   0   1   2   2   2   0   0   0   0   0   0   0   0
 13→17     82    75  11  2.36   6  2.05 |  31  26   2  11   0   0   1   0   1   1   4   2   0   0   2   1 |  32  14  17   9   2   0   0   0   1   0   0   0   0   0   0   0
  8→3      69    65  13  2.36   5  0.99 |  40   5   7   1   2   1   0   1   0   2   1   2   0   3   2   2 |  53   5   5   0   1   0   1   0   0   0   0   0   0   0   0   0
 19→20     58    60  11  2.36   4  0.96 |  19  23   2   1   1   1   1   1   0   0   3   5   0   0   1   0 |   8  48   0   0   0   0   0   0   0   0   0   0   3   0   0   1
 15→5      65    55  10  2.35   5  1.57 |  16  29   2   2   7   4   0   0   0   2   0   0   1   1   1   0 |  17  31   3   0   0   2   0   2   0   0   0   0   0   0   0   0
 15→20     58    61  11  2.35   8  2.07 |  32   3   2   2   2   0   0   8   1   0   2   2   0   3   1   0 |  34   5   2   6   1   3   1   9   0   0   0   0   0   0   0   0
 13→11     56    63  10  2.33   6  1.18 |  30   3   2   5   5   2   6   0   0   1   1   0   0   0   0   1 |  50   4   2   4   0   0   0   0   0   1   0   0   0   2   0   0
  0→21     66    62  11  2.33   5  1.63 |  35  10   3   7   1   2   2   2   0   0   2   1   1   0   0   0 |  37  14   2   6   3   0   0   0   0   0   0   0   0   0   0   0
  9→2      68    54  11  2.32   8  1.75 |  39   5   4   1   4   2   0   5   2   0   0   0   2   3   1   0 |  36   5   3   1   0   0   0   1   5   0   1   0   0   2   0   0
  8→15     69    61  11  2.31   6  1.66 |  16  34   1   1   2   1   1   0   3   0   0   0   0   2   5   3 |  25  28   0   0   0   0   0   0   2   0   0   0   1   4   0   1
 17→16     80    55  14  2.31   8  1.59 |  49   4   4   1   1   0   3   3   2   2   1   0   1   3   5   1 |  39   1   0   1   3   0   0   2   0   0   1   0   0   6   0   2
  0→18     70    71  11  2.30  10  2.39 |  28  22   0   0   1   0   1   0   1   1   6   1   1   7   0   1 |  30  20   2   3   1   0   3   1   0   0   2   4   0   5   0   0
  4→21     72    81   9  2.30   5  1.89 |  13  22  23   9   0   1   0   1   0   0   1   1   1   0   0   0 |  10  38  15  17   1   0   0   0   0   0   0   0   0   0   0   0
  2→19     66    65  12  2.28   5  0.91 |  39   3   7   2   2   0   2   1   1   0   1   0   2   4   0   2 |  54   2   7   1   0   0   0   1   0   0   0   0   0   0   0   0
  3→10     58    75  11  2.25   8  1.66 |  31   2   2  12   2   3   1   1   0   0   1   0   1   0   2   0 |  48   4   1  15   1   4   0   0   0   0   0   0   1   0   1   0
 21→4      63    70   6  2.24   7  2.16 |   7  20  16  15   0   0   0   0   0   0   0   3   0   0   0   2 |   7  31  14  12   4   0   0   0   0   0   1   0   1   0   0   0
  2→8      79    63  13  2.23   9  2.07 |  13  46   1   0   3   1   2   0   2   2   3   1   1   2   2   0 |  19  30   1   0   0   0   1   0   5   1   3   2   0   0   1   0
  4→2      62    66   9  2.23   7  2.16 |   9  23  21   2   0   1   0   0   1   2   0   0   0   1   0   2 |   6  16  25  15   2   0   0   0   0   1   0   0   0   0   0   1
  7→0      62    52  11  2.23   5  1.39 |  25  23   1   0   0   2   0   1   0   3   2   1   1   2   1   0 |  30  18   1   0   0   0   1   0   0   2   0   0   0   0   0   0
 17→11     68    63  11  2.22   6  1.50 |  30  23   1   0   0   0   2   2   2   1   2   0   1   2   0   2 |  34  23   1   1   0   0   0   0   0   3   0   0   0   0   1   0
 17→2      70    68   9  2.21   5  2.02 |  29  11  20   3   0   0   2   1   0   0   2   0   1   1   0   0 |  21  19  20   6   0   0   0   0   2   0   0   0   0   0   0   0
 17→13     51    64   9  2.21   6  2.26 |  24   9   1  10   0   1   3   1   1   0   1   0   0   0   0   0 |  22  15  11  11   3   0   0   0   2   0   0   0   0   0   0   0
  4→20     78    64  12  2.20   3  1.19 |  46  10   6   2   0   3   1   2   3   1   1   0   2   0   0   1 |  44  13   7   0   0   0   0   0   0   0   0   0   0   0   0   0
 14→0      67    73  10  2.20   9  2.28 |  33  16   0   1   1   0   7   3   0   2   1   0   0   1   2   0 |  28  23   0   5   1   0   9   0   3   2   0   1   0   0   1   0
  4→5      67    52   9  2.20   8  2.25 |  22  28   3   0   1   2   0   2   0   0   2   0   1   6   0   0 |  18  16   9   0   0   0   0   0   1   0   5   0   1   0   1   1
  0→7      69    54  10  2.20   6  1.51 |  35  16   1   2   0   2   0   0   2   3   0   1   6   0   1   0 |  35  12   1   0   0   3   0   0   0   0   1   0   2   0   0   0
  2→4      70    55   7  2.20   6  2.29 |  14  20  25   6   0   0   0   1   0   0   0   2   0   2   0   0 |   9  14  18   9   2   0   0   3   0   0   0   0   0   0   0   0
 10→12     53    66  10  2.19   8  1.98 |  31   5   2   0   1   2   0   5   3   1   1   0   2   0   0   0 |  36  13   0   1   0   0   0   8   4   1   0   0   1   0   0   2
 11→17     67    57  11  2.19   5  1.35 |  32  20   3   0   1   0   0   0   2   1   1   1   1   2   0   3 |  34  19   0   0   0   0   0   1   1   0   2   0   0   0   0   0
 10→16     52    69   8  2.19   7  1.79 |  21  14  10   1   0   0   1   0   0   0   2   1   0   0   0   2 |  19  35  11   0   0   0   0   0   0   0   1   1   1   1   0   0
 14→17     59    68  11  2.19   8  1.72 |  35   1   0   5   1   3   2   6   1   1   3   0   1   0   0   0 |  44   4   0   1   1  12   0   2   0   0   2   0   0   2   0   0
  8→2      55    69  10  2.18   7  1.64 |   9  31   0   2   0   1   1   0   2   1   2   4   2   0   0   0 |  25  36   0   0   0   2   0   2   0   1   0   1   2   0   0   0
  7→3      65    55  12  2.18   6  1.71 |  40   4   4   1   0   1   3   3   1   5   0   1   1   0   0   1 |  33   8   9   0   0   0   0   0   3   1   1   0   0   0   0   0
  0→6      61    66   9  2.17   6  1.62 |  31  12   8   0   2   1   1   2   0   0   0   1   0   3   0   0 |  37  18   8   0   0   1   0   1   0   0   0   1   0   0   0   0
  7→6      61    61   9  2.16   6  1.65 |  31   7   0  13   1   1   2   3   0   0   0   1   0   2   0   0 |  35   6   1  16   0   0   0   1   0   0   0   0   0   2   0   0
  1→4      72    52  11  2.16   7  1.90 |  32  25   2   1   0   2   0   1   3   1   0   0   2   0   2   1 |  19  23   4   0   1   3   0   0   0   0   0   0   0   1   1   0
  0→12     64    72  11  2.16   6  1.68 |  33  16   5   0   1   0   2   1   0   1   1   0   0   1   2   1 |  42  15  10   0   0   0   1   0   0   0   0   0   0   1   0   3
 17→6      56    64  11  2.14   5  1.18 |  31  12   2   0   1   2   0   1   1   1   0   0   1   1   0   3 |  43  18   1   0   0   1   1   0   0   0   0   0   0   0   0   0
  3→7      59    61  12  2.13   7  1.53 |  37   5   4   1   1   1   0   3   0   2   2   1   1   1   0   0 |  42  10   2   0   0   0   0   2   0   0   0   1   3   0   0   1
  7→14     78    62  11  2.13   6  1.69 |  37   4  24   1   0   0   0   2   0   1   1   1   0   1   1   5 |  35   8  15   0   0   0   2   0   0   0   0   0   0   0   1   1
 16→10     50    67   8  2.12   5  1.70 |  16  13  16   0   0   1   1   0   0   0   0   1   0   1   1   0 |  19  12  33   0   1   0   0   0   0   0   0   0   0   2   0   0
  5→4      64    69   9  2.12   8  2.08 |  27  23   2   0   0   2   2   4   2   0   0   1   0   1   0   0 |  24  27  10   0   0   0   0   2   2   0   1   0   0   0   2   1
 18→6      69    81  10  2.11   7  1.67 |  18  35   3   3   0   0   1   0   0   5   1   1   1   0   0   1 |  30  41   1   1   0   0   0   0   0   3   0   2   3   0   0   0
 12→6      57    72   8  2.11   6  1.92 |  22   9  19   1   1   0   0   1   1   0   3   0   0   0   0   0 |  22   7  33   7   0   0   0   2   1   0   0   0   0   0   0   0
  6→18     57    73  10  2.11   7  1.65 |  18  27   3   1   0   2   0   1   0   0   0   1   1   0   2   1 |  25  39   1   0   0   1   0   1   0   3   0   0   3   0   0   0
 20→19     65    54  11  2.11   3  0.87 |  13  37   2   1   3   0   2   0   1   1   1   3   0   0   1   0 |   6  44   4   0   0   0   0   0   0   0   0   0   0   0   0   0
  6→14     79    64  10  2.09   7  1.90 |  36  15  20   1   1   2   0   0   0   1   0   0   1   0   1   1 |  36   8   9   8   0   0   0   0   0   0   0   1   1   0   1   0
 17→7      78    68  13  2.08  10  2.01 |  51   3   1   1   6   1   3   3   0   3   0   2   2   0   1   1 |  42   1   4   3   9   3   1   1   0   0   1   0   3   0   0   0
 14→6      78    67   9  2.08   6  2.02 |  38  16  14   5   0   0   0   0   1   1   0   1   1   0   1   0 |  29  13  17   4   0   0   0   0   0   1   0   3   0   0   0   0
 12→18     81    53   9  2.07   6  2.08 |  48   7   2   0   0   0   0   0   0   5   1   3   3  10   2   0 |  24  12   0   0   0   0   0   3   0   9   0   0   2   3   0   0
 18→14     74    66  12  2.06   4  1.19 |  27  34   2   1   1   2   1   1   0   1   1   2   1   0   0   0 |  35  29   0   0   0   0   0   0   0   0   0   1   1   0   0   0
  5→21     72    52  10  2.06   5  1.29 |  26  32   1   1   0   0   0   1   4   0   2   2   2   0   0   1 |  17  32   1   0   0   1   0   1   0   0   0   0   0   0   0   0
 21→13     67    63   9  2.06   8  2.02 |  38  12   6   0   0   2   1   2   0   0   0   0   2   3   1   0 |  29  20   6   0   0   1   3   0   0   1   1   0   2   0   0   0
 21→11     57    63  12  2.03   7  1.70 |  38   2   0   1   2   3   1   2   3   2   1   0   0   0   1   1 |  40   0   1   0   1  10   0   0   4   1   0   0   0   6   0   0
  2→9      80    76   9  2.02   8  1.63 |  50   2   7   0   5   4   2   2   5   3   0   0   0   0   0   0 |  51   2  11   2   1   1   0   0   7   0   0   0   0   1   0   0
  6→7      67    56   8  2.02   7  2.08 |  29  14   0  18   0   1   0   0   0   1   0   1   0   2   0   1 |  25  13   1  11   0   0   0   0   3   1   0   0   0   2   0   0
  1→21     64    67  11  2.01   6  1.83 |  30  23   2   1   1   2   0   0   1   0   0   1   1   0   1   1 |  12  36  13   0   0   2   0   0   1   0   0   0   0   0   3   0
  4→19     62    60  10  2.01  10  1.60 |  38   1   3   2   4   0   1   0   9   0   0   2   0   1   1   0 |  44   4   2   1   0   1   0   1   4   1   1   0   0   0   0   1
  6→4      64    75  11  2.01  12  2.14 |  41   6   1   2   1   5   0   3   1   1   0   2   0   0   0   1 |  47   6   1   5   3   2   3   1   2   1   3   1   0   0   0   0
 12→0      47    59  11  2.00   7  1.67 |  29   8   1   1   0   1   1   0   0   0   2   1   0   1   1   1 |  36   7  12   0   0   0   1   0   0   0   0   0   1   1   1   0
 15→8      77    58  11  2.00   5  1.42 |  31  33   3   1   2   0   1   0   0   1   0   1   0   2   1   1 |  19  34   2   0   0   0   1   0   0   0   0   0   0   2   0   0
 14→3      74    62  11  1.99   8  2.06 |  39   1   0   1   2   1   1  21   1   1   5   0   0   1   0   0 |  34   1   2   6   2   6   0  10   0   0   1   0   0   0   0   0
 11→4      63    63   8  1.96   4  1.66 |  21  28   8   1   0   1   0   0   1   1   0   0   0   0   2   0 |  24  22  16   0   0   0   0   0   1   0   0   0   0   0   0   0
 14→7      59    59   9  1.95   6  1.74 |  37   7   3   1   0   0   0   1   4   0   0   0   3   0   1   2 |  31  18   4   0   0   0   4   1   0   1   0   0   0   0   0   0
  0→10     52    64   8  1.95   6  1.65 |  26  16   0   1   0   1   2   1   0   2   3   0   0   0   0   0 |  33  23   0   2   0   0   2   0   0   2   2   0   0   0   0   0
 16→9      63    67  13  1.95   7  0.89 |  43   2   5   1   0   1   0   1   1   0   2   1   1   1   1   3 |  58   1   2   1   1   3   0   1   0   0   0   0   0   0   0   0
  6→12     52    80   6  1.95   6  1.84 |  12  11  24   2   0   0   0   1   2   0   0   0   0   0   0   0 |  29   9  35   4   0   0   0   1   2   0   0   0   0   0   0   0
  9→15     71    73  11  1.93   7  1.86 |  47   7   1   3   1   2   0   0   4   2   1   1   2   0   0   0 |  44  12   0   0   0   2   0   2   5   0   6   2   0   0   0   0
  0→20     64    64  10  1.91   5  1.07 |  42   5   5   1   1   1   2   0   1   0   0   2   4   0   0   0 |  51   7   3   1   0   0   0   0   0   0   0   2   0   0   0   0
 14→12     63    54   9  1.90   6  1.54 |  17  35   2   0   2   2   1   1   0   0   2   0   0   1   0   0 |  12  34   5   0   0   1   0   0   0   0   1   0   1   0   0   0
 12→14     64    53  10  1.89   7  1.71 |   7  42   4   1   1   0   0   3   2   1   0   0   2   0   1   0 |  14  31   1   0   0   2   0   2   1   0   2   0   0   0   0   0
 20→4      53    69   9  1.88   6  1.53 |  35   5   1   3   1   0   0   0   2   0   2   2   0   0   2   0 |  47   8   8   1   3   2   0   0   0   0   0   0   0   0   0   0
 15→6      70    62  10  1.88  10  2.17 |  46   8   3   1   4   2   0   1   1   0   3   0   0   0   0   1 |  32  14   4   1   1   5   1   0   0   2   0   0   1   0   0   1
 10→6      79    72  10  1.87   8  1.88 |  21  45   0   3   0   0   1   1   0   1   0   2   2   2   0   1 |  27  33   0   2   2   0   4   1   0   0   0   2   0   0   0   1
  9→16     54    63  11  1.86   7  1.09 |  37   4   3   1   3   1   1   1   1   0   1   0   0   0   1   0 |  52   2   3   1   3   0   0   1   0   0   0   0   0   0   0   1
  4→13     62    55   9  1.86   5  1.76 |  34  18   1   2   2   0   1   1   0   0   0   1   2   0   0   0 |  27  17   6   0   0   0   0   1   4   0   0   0   0   0   0   0
 12→10     56    57  11  1.85   7  2.25 |  39   2   1   1   0   0   0   1   1   3   0   2   1   0   2   3 |  26  13   0   0   0   0   0   5   3   4   0   3   3   0   0   0
 15→18     60    79  12  1.84   5  1.34 |  41   7   0   1   1   0   1   1   1   0   1   1   1   0   3   1 |  54  11   0  12   0   0   1   0   0   0   0   0   0   0   1   0
 21→5      73    61   9  1.84   7  1.67 |  26  36   0   1   0   1   1   0   0   1   1   0   0   0   3   3 |  22  31   0   0   0   1   1   1   0   0   4   0   0   1   0   0
  3→4      54    70   8  1.83   3  0.88 |  34   8   2   1   3   4   1   0   0   0   0   0   0   1   0   0 |  53  16   0   0   1   0   0   0   0   0   0   0   0   0   0   0
  4→6      67    71  10  1.81   9  2.02 |  46   4   1   1   0   5   2   3   1   0   0   3   0   0   0   1 |  45   5   3   3   4   3   0   2   0   0   4   2   0   0   0   0
  2→21     61    63  10  1.81  10  2.16 |  42   2   0   0   0   0   1   1   3   0   0   2   5   1   3   1 |  35  11   0   0   0   0   1   2   1   1   0   3   5   1   3   0
 21→2      48    71   9  1.80   9  2.21 |  31   8   1   1   0   0   0   0   1   0   0   0   1   2   2   1 |  40   6   0   1   0   0   0   0   1   4   0   4   4   5   6   0
 17→18     58    57  11  1.78   6  1.53 |  41   4   1   2   0   0   0   3   2   1   0   1   1   1   1   0 |  40   5   0   4   0   3   1   4   0   0   0   0   0   0   0   0
 18→15     63    58  10  1.78   8  1.54 |  43   6   0   5   1   0   2   1   0   1   0   1   1   0   2   0 |  41   8   1   3   2   0   1   1   1   0   0   0   0   0   0   0
 17→14     59    61  10  1.77   8  1.95 |  41   5   1   1   1   0   0   3   3   0   1   1   2   0   0   0 |  36   6   0   1   0   4   0   9   0   1   0   1   3   0   0   0
 18→17     83    57  12  1.77   7  1.46 |  59   6   0   4   1   0   4   1   2   1   1   1   1   0   2   0 |  41   1   1   4   0   7   1   0   2   0   0   0   0   0   0   0
  4→1      57    52   7  1.75   4  1.54 |  25  24   3   1   1   0   0   0   0   0   2   1   0   0   0   0 |  14  28   9   0   0   0   0   0   0   0   0   1   0   0   0   0
 20→0      64    57   9  1.74   4  0.86 |  44   4   5   3   0   0   4   1   0   1   0   1   0   0   0   1 |  48   2   5   0   0   2   0   0   0   0   0   0   0   0   0   0
  4→3      65    63   9  1.74   4  1.46 |  43  10   4   0   0   1   2   0   1   2   0   1   1   0   0   0 |  34  22   5   0   2   0   0   0   0   0   0   0   0   0   0   0
 15→9      57    60  11  1.73   8  1.59 |  41   1   0   1   1   2   0   1   4   1   2   2   1   0   0   0 |  42   8   2   2   0   1   0   0   1   0   1   3   0   0   0   0
 18→7      65    60   9  1.73   9  1.61 |  46   2   2   0   0   2   2   0   3   0   0   2   4   0   0   2 |  43   6   1   1   2   0   0   0   1   0   0   0   3   1   0   2
 16→4      58    54   7  1.73   3  1.07 |  20  30   0   0   0   2   1   0   0   1   0   0   2   0   0   2 |  20  33   0   1   0   0   0   0   0   0   0   0   0   0   0   0
  6→21     75    74   7  1.72   5  1.28 |  49   4   8   8   0   0   2   1   0   0   0   0   0   3   0   0 |  54   4   4  11   0   0   1   0   0   0   0   0   0   0   0   0
  9→0      71    74  10  1.69   6  1.17 |  46  15   2   1   1   1   2   0   1   1   0   0   0   0   1   0 |  55  14   1   0   0   0   1   0   2   0   0   1   0   0   0   0
 15→2      73    71  11  1.68   6  1.42 |  52   8   0   1   1   0   1   0   0   1   1   2   3   1   2   0 |  46  18   1   0   0   0   0   0   0   1   0   3   2   0   0   0
 13→4      67    86  10  1.68   6  1.47 |  45   2  12   0   1   1   1   1   1   0   0   2   1   0   0   0 |  55   5  21   0   1   0   0   0   0   0   0   3   0   1   0   0
 18→10     63    68   9  1.67   3  1.02 |  22  34   0   1   0   0   1   0   1   0   0   1   1   0   1   1 |  23  44   0   1   0   0   0   0   0   0   0   0   0   0   0   0
  4→11     58    55   7  1.67   4  1.65 |  25  26   3   0   0   0   0   0   1   0   1   1   1   0   0   0 |  16  24  14   0   0   0   0   0   1   0   0   0   0   0   0   0
  7→18     71    54  11  1.66   8  1.78 |  52   0   2   0   1   1   1   2   3   0   1   0   1   5   2   0 |  36   5   3   0   0   0   0   1   0   0   2   0   1   4   0   2
  6→10     51    61   8  1.66   6  1.67 |  16  29   1   1   1   0   1   0   0   0   0   1   0   1   0   0 |  24  28   0   0   0   0   1   1   0   1   0   6   0   0   0   0
 21→1      53    78   7  1.65   7  1.78 |  23  24   2   0   0   0   0   1   0   0   0   1   0   1   0   1 |  22  40  11   0   0   1   0   0   2   1   0   1   0   0   0   0
 17→12     71    82  12  1.63  10  1.16 |  53   2   0   1   1   1   2   0   5   1   1   1   2   0   0   1 |  68   0   0   1   1   1   0   0   2   4   2   0   0   1   1   1
  7→2      66    56   8  1.62   5  0.77 |  45   5   9   3   0   0   0   0   0   0   1   1   0   1   1   0 |  49   3   2   1   0   1   0   0   0   0   0   0   0   0   0   0
  2→11     52    68   9  1.61   6  1.01 |  38   2   0   0   3   1   0   3   1   1   0   0   0   2   0   1 |  56   0   0   0   1   0   0   6   1   1   0   0   0   3   0   0
  5→2      55    66   7  1.60   3  1.14 |  19  30   0   0   0   0   0   1   2   1   0   0   0   0   1   1 |  21  42   0   0   0   0   0   0   3   0   0   0   0   0   0   0
 16→20     76    56  11  1.59   3  0.26 |  57   0   2   3   0   0   2   4   1   1   0   3   0   1   1   1 |  54   0   0   1   0   0   0   1   0   0   0   0   0   0   0   0
 13→2      54    60  10  1.58   7  1.74 |  40   4   1   1   1   0   1   1   0   3   0   1   0   0   1   0 |  31  19   0   1   0   0   0   0   0   6   0   1   1   0   1   0
  1→2      77    59   9  1.57   8  1.93 |  56   6   0   4   1   1   3   0   0   4   0   0   0   0   1   1 |  33  12   0   2   1   0   7   0   0   2   0   0   0   0   1   1
  2→5      73    46   8  1.57   4  1.24 |  20  45   0   0   1   1   1   0   2   0   0   1   0   0   2   0 |  18  26   0   0   1   1   0   0   0   0   0   0   0   0   0   0
 10→18     60    73   6  1.55   3  1.09 |  24  30   2   1   0   0   0   1   0   0   2   0   0   0   0   0 |  33  39   1   0   0   0   0   0   0   0   0   0   0   0   0   0
  3→9      60    66   9  1.55   2  0.33 |  43   8   2   1   0   0   1   0   1   2   1   0   1   0   0   0 |  62   4   0   0   0   0   0   0   0   0   0   0   0   0   0   0
 15→17     61    56  10  1.54   5  0.97 |  46   1   2   3   3   1   0   1   2   1   0   0   0   1   0   0 |  45   1   0   0   8   0   0   1   0   0   0   0   1   0   0   0
 19→2      80    75   9  1.53   8  1.37 |  60   3   0   0   3   4   3   0   2   0   0   0   1   0   3   1 |  57   7   4   1   2   2   0   0   0   0   0   1   0   1   0   0
  6→15     63    56   8  1.53   5  1.60 |  44   9   5   1   1   1   0   0   0   0   0   0   1   0   1   0 |  33  12   2   0   1   8   0   0   0   0   0   0   0   0   0   0
 10→0      55    61   6  1.51   4  1.20 |  29  21   0   0   0   1   0   0   0   0   2   0   0   0   1   1 |  41  16   0   1   0   0   0   0   0   0   3   0   0   0   0   0
  8→0      65    72   7  1.49   2  0.99 |  16  42   1   0   0   0   1   0   0   2   0   1   0   0   2   0 |  32  40   0   0   0   0   0   0   0   0   0   0   0   0   0   0
  4→12     56    71   8  1.49   6  1.33 |  41   6   0   3   1   2   0   0   0   1   0   0   0   1   1   0 |  50  13   1   1   1   5   0   0   0   0   0   0   0   0   0   0
  2→1      74    79   9  1.48   6  1.66 |  55   7   0   1   0   4   2   1   1   1   0   0   0   2   0   0 |  46  20   0   0   0   0   2   0   0   7   0   0   0   1   0   3
 15→10     59    58   9  1.48   3  0.65 |  44   6   2   0   2   0   0   1   1   0   0   1   0   1   0   1 |  50   7   0   0   1   0   0   0   0   0   0   0   0   0   0   0
 13→21     55    62   7  1.46   6  1.66 |  37   0  12   0   0   2   0   1   1   0   0   1   1   0   0   0 |  33   5  20   0   0   2   0   0   1   0   0   0   0   0   1   0
  1→5      64    58   9  1.45   7  1.76 |  49   4   0   0   1   2   1   0   0   2   0   0   2   0   1   2 |  32  16   0   0   0   5   0   1   0   2   1   0   1   0   0   0
 12→17     84    70  14  1.45   9  1.50 |  67   1   1   2   1   1   2   1   0   3   1   1   0   1   1   1 |  53   0   0   2   3   2   3   1   0   3   0   0   0   2   1   0
  0→2      64    64   9  1.44   5  1.06 |  49   2   3   4   1   2   0   0   0   0   1   1   1   0   0   0 |  52   3   2   4   3   0   0   0   0   0   0   0   0   0   0   0
  4→16     66    63   7  1.43   3  0.99 |  22  39   0   1   0   1   1   0   0   0   0   0   0   1   0   1 |  19  43   1   0   0   0   0   0   0   0   0   0   0   0   0   0
 14→10     68    71   6  1.43   5  1.40 |  26  37   0   0   0   0   1   0   0   0   1   2   0   0   0   1 |  23  42   0   1   0   0   0   0   0   0   0   3   2   0   0   0
 11→12     72    70  10  1.42   6  0.91 |  56   1   3   0   0   1   0   1   0   0   4   0   2   1   2   1 |  60   1   2   2   0   0   0   0   3   0   0   0   2   0   0   0
 21→16     72    76  10  1.41   5  0.48 |  56   0   0   5   0   2   1   1   2   1   0   0   1   2   1   0 |  71   0   0   1   0   2   1   0   0   0   0   0   0   1   0   0
  9→3      63    59   9  1.41   3  0.73 |  49   1   3   0   2   0   0   2   0   0   1   2   0   1   0   2 |  50   7   2   0   0   0   0   0   0   0   0   0   0   0   0   0
 10→3      58    59   6  1.41   6  1.77 |  41   1   0   4   0   9   0   0   0   0   0   0   0   0   1   2 |  30   1   0   6   0  18   0   0   0   0   0   0   1   0   3   0
  5→11     75    43  11  1.40   5  1.14 |  59   0   0   4   0   1   1   1   1   1   1   3   2   0   0   1 |  34   2   0   3   0   3   0   0   1   0   0   0   0   0   0   0
 11→5      76    68   8  1.39   5  0.83 |  58   4   0   4   0   1   0   5   2   0   0   0   1   1   0   0 |  58   6   0   0   0   1   0   2   0   0   1   0   0   0   0   0
  5→13     85    65   8  1.38   6  1.48 |  65   6   0   0   0   0   0   3   2   0   0   0   1   2   5   1 |  43  14   0   0   0   0   0   0   0   2   1   0   2   3   0   0
 11→2      49    58   7  1.38   6  1.17 |  37   2   0   1   1   0   1   3   0   4   0   0   0   0   0   0 |  46   5   0   2   2   0   1   0   0   2   0   0   0   0   0   0
  3→18     62    85   5  1.38   7  1.47 |  17  39   0   0   0   0   0   0   0   4   0   1   0   0   0   1 |  19  56   1   5   1   0   0   0   0   1   0   0   0   0   0   2
 13→5      54    77   9  1.38   6  1.58 |  42   1   0   0   1   1   0   1   2   1   0   0   0   4   1   0 |  48  18   1   0   0   0   4   0   4   0   0   0   0   2   0   0
  8→20     47    69   9  1.37   3  0.37 |  37   1   0   2   0   2   0   1   1   0   0   0   1   1   1   0 |  65   3   0   1   0   0   0   0   0   0   0   0   0   0   0   0
  2→15     53    62   7  1.36   6  1.13 |  40   5   0   1   0   0   1   0   0   0   2   3   0   0   1   0 |  47  11   0   0   0   1   1   0   0   0   0   1   1   0   0   0
  2→13     62    60   8  1.36   9  2.19 |  48   2   2   0   1   0   0   1   0   3   0   0   1   0   4   0 |  26  18   0   0   2   0   1   1   0   4   0   1   1   0   6   0
 20→8      56    58  11  1.36   2  0.13 |  45   0   1   1   0   0   0   0   1   2   1   1   1   1   1   1 |  57   1   0   0   0   0   0   0   0   0   0   0   0   0   0   0
 19→0      55    71   6  1.36   2  0.62 |  39  10   0   1   0   0   2   0   0   1   0   0   0   0   2   0 |  60  11   0   0   0   0   0   0   0   0   0   0   0   0   0   0
 15→19     61    70   8  1.35   4  0.95 |  47   5   3   0   0   0   1   2   0   0   0   1   1   1   0   0 |  56  10   2   0   0   0   2   0   0   0   0   0   0   0   0   0
  7→10     55    58   8  1.34   8  1.85 |  43   2   0   2   0   1   0   2   0   0   0   0   0   1   3   1 |  37   6   0   2   0   0   0   1   1   0   0   2   6   0   3   0
 11→21     56    69   7  1.34   7  1.48 |  43   0   1   0   0   3   0   0   4   0   0   1   2   0   0   2 |  50   3   2   0   0   3   2   0   8   0   0   0   0   1   0   0
  0→19     69    73   7  1.34   2  0.83 |  50  12   0   2   0   0   0   0   0   1   1   2   0   0   1   0 |  54  19   0   0   0   0   0   0   0   0   0   0   0   0   0   0
 18→4      81    78   8  1.32   6  1.21 |  63   3   2   7   2   0   0   0   1   0   0   1   0   0   2   0 |  61   4   3   7   1   2   0   0   0   0   0   0   0   0   0   0
 10→14     50    70   5  1.31   5  1.34 |  17  30   0   1   0   1   0   0   0   0   0   0   1   0   0   0 |  30  36   1   0   0   0   0   0   0   0   0   2   1   0   0   0
  0→9      68    58   6  1.30   4  0.97 |  48  14   2   0   0   2   0   0   1   0   0   0   0   1   0   0 |  44  12   1   0   0   0   0   0   0   0   0   1   0   0   0   0
 20→16     81    56  10  1.30   3  0.26 |  65   3   1   4   2   1   0   1   1   0   0   0   2   0   1   0 |  54   0   0   1   0   1   0   0   0   0   0   0   0   0   0   0
 10→17     58    68   8  1.29   5  0.96 |  46   2   0   3   1   2   1   2   0   0   0   1   0   0   0   0 |  55   1   0   9   0   0   2   0   1   0   0   0   0   0   0   0
 11→7      58    61   7  1.29   3  0.47 |  45   4   4   0   0   0   2   0   0   1   0   1   1   0   0   0 |  56   4   1   0   0   0   0   0   0   0   0   0   0   0   0   0
 14→15     55    57   9  1.27   8  1.56 |  44   4   0   0   1   0   1   0   1   1   1   1   0   1   0   0 |  40   8   1   0   2   0   0   3   1   1   0   0   0   0   1   0
  0→8      76    62   5  1.25   2  0.95 |  31  42   1   0   0   0   0   0   0   1   0   0   0   1   0   0 |  23  39   0   0   0   0   0   0   0   0   0   0   0   0   0   0
 10→15     79    64   6  1.25   3  0.70 |  59  12   0   0   3   1   0   3   0   0   0   0   0   0   1   0 |  54   9   0   1   0   0   0   0   0   0   0   0   0   0   0   0
 17→15     63    61  11  1.24   4  0.87 |  52   1   0   1   1   0   1   2   1   1   0   0   1   0   1   1 |  51   4   0   5   1   0   0   0   0   0   0   0   0   0   0   0
 15→14     65    55   7  1.24   7  1.44 |  50   8   1   0   0   0   3   1   0   1   1   0   0   0   0   0 |  40   7   1   2   0   1   0   0   0   0   0   2   0   2   0   0
 15→21     65    74   9  1.23   6  0.73 |  53   1   1   2   1   0   0   2   0   0   2   1   2   0   0   0 |  66   3   0   2   1   1   0   1   0   0   0   0   0   0   0   0
 11→1      74    74   9  1.23   6  0.84 |  60   3   0   1   1   3   0   0   1   0   0   0   1   0   3   1 |  64   0   0   0   0   5   0   2   0   1   0   1   1   0   0   0
  2→0      60    59   9  1.21   4  0.46 |  49   0   1   3   0   0   0   1   1   0   0   1   1   1   0   2 |  55   0   0   2   1   0   0   0   0   0   0   0   0   0   0   1
  5→1      54    72   6  1.20   4  1.36 |  42   6   0   0   0   0   0   2   1   0   0   0   1   0   0   2 |  45  20   0   0   0   0   0   4   3   0   0   0   0   0   0   0
  6→17     60    79   4  1.20   4  1.11 |  33  25   0   1   0   0   0   0   0   0   0   0   0   0   1   0 |  50  27   0   0   0   1   1   0   0   0   0   0   0   0   0   0
  7→5      74    61   8  1.18   5  0.95 |  60   5   0   0   0   0   0   0   1   0   1   2   2   0   2   1 |  50   7   1   2   0   0   0   0   0   0   0   0   1   0   0   0
 19→15     60    66   6  1.16   5  0.90 |  47   4   1   0   0   0   0   6   0   0   0   0   0   1   1   0 |  55   7   2   0   1   0   1   0   0   0   0   0   0   0   0   0
 16→21     72    62   8  1.16   4  0.66 |  59   3   0   3   0   2   1   0   0   1   0   2   0   1   0   0 |  55   0   0   4   0   2   0   0   0   0   0   0   0   1   0   0
 19→9      51    64   6  1.16   2  0.90 |   8  39   0   0   0   0   0   1   0   0   0   0   1   1   1   0 |  20  44   0   0   0   0   0   0   0   0   0   0   0   0   0   0
  2→7      67    61   6  1.15   4  1.12 |  53   6   4   0   0   0   0   0   0   0   1   0   1   0   2   0 |  47   4   0   7   0   3   0   0   0   0   0   0   0   0   0   0
 14→21     61    62   7  1.13   6  1.32 |  50   3   0   2   2   1   0   0   0   0   0   0   2   0   1   0 |  47   5   2   3   4   0   0   0   0   0   0   0   1   0   0   0
  7→4      60    48   7  1.12   2  0.34 |  49   4   0   1   2   2   1   0   0   0   0   1   0   0   0   0 |  45   3   0   0   0   0   0   0   0   0   0   0   0   0   0   0
 16→18     57    53   7  1.10   4  0.67 |  47   1   0   1   0   3   0   2   0   1   0   2   0   0   0   0 |  47   3   0   0   0   0   0   0   0   1   0   0   0   0   0   2
 17→21     60    65   8  1.09   6  0.92 |  50   3   0   1   0   0   1   0   0   1   1   2   1   0   0   0 |  55   5   0   1   0   0   2   0   0   0   0   1   1   0   0   0
 15→0      58    65   8  1.05   3  0.23 |  49   2   1   0   1   0   0   0   0   0   0   1   1   2   0   1 |  63   1   0   1   0   0   0   0   0   0   0   0   0   0   0   0
  7→11     67    71   9  1.04   3  0.91 |  57   1   2   0   1   1   2   0   1   0   1   0   0   1   0   0 |  57   6   8   0   0   0   0   0   0   0   0   0   0   0   0   0
 14→13     73    78   9  1.04   6  1.38 |  62   1   2   1   0   0   3   0   1   0   0   1   0   1   0   1 |  58   6   3   6   0   0   0   0   0   0   0   2   0   0   3   0
 10→7      60    57   7  1.04   8  1.53 |  50   4   1   0   1   1   1   2   0   0   0   0   0   0   0   0 |  41   6   0   0   1   0   0   0   1   0   0   0   1   4   2   1
  4→18     63    66   7  1.03   7  1.46 |  53   2   1   2   0   2   0   0   0   2   0   0   0   0   1   0 |  49   4   3   4   3   2   0   1   0   0   0   0   0   0   0   0
  5→7      70    60   8  0.95   5  1.12 |  60   4   0   0   0   0   1   1   1   0   1   0   1   0   0   1 |  46   9   1   0   0   0   0   0   0   0   3   0   0   0   0   1
  8→9      66    55   8  0.95   2  0.23 |  57   2   1   1   0   1   1   2   0   0   0   0   0   0   1   0 |  53   2   0   0   0   0   0   0   0   0   0   0   0   0   0   0
 20→3      58    61   6  0.94   2  0.12 |  49   0   2   0   0   0   0   0   1   1   1   4   0   0   0   0 |  60   1   0   0   0   0   0   0   0   0   0   0   0   0   0   0
 12→4      73    49   6  0.94   5  1.15 |  61   7   1   0   0   1   2   1   0   0   0   0   0   0   0   0 |  37   8   1   1   0   2   0   0   0   0   0   0   0   0   0   0
 21→15     45    69   5  0.91   6  0.85 |  38   0   3   1   0   0   0   0   1   0   0   0   2   0   0   0 |  60   2   3   0   2   1   0   0   0   0   1   0   0   0   0   0
  6→1      50    61   6  0.90   2  0.80 |  43   1   2   0   0   2   0   0   0   1   0   0   0   0   0   1 |  46  15   0   0   0   0   0   0   0   0   0   0   0   0   0   0
 21→14     50    68   6  0.90   8  1.50 |  43   2   0   0   0   0   0   0   2   0   0   0   1   1   1   0 |  50   5   5   3   2   0   1   0   0   0   0   0   1   1   0   0
 12→5      59    56   6  0.88   5  0.86 |  51   2   0   0   0   0   0   0   0   1   0   0   0   2   1   2 |  48   3   2   2   0   0   0   1   0   0   0   0   0   0   0   0
 18→3      69    61   4  0.88   5  1.29 |  12  55   0   0   0   0   0   0   0   0   1   1   0   0   0   0 |  15  41   0   3   0   0   0   0   0   1   1   0   0   0   0   0
 21→6      52    74   4  0.88   8  1.81 |  43   1   2   6   0   0   0   0   0   0   0   0   0   0   0   0 |  48   2   8   7   1   3   3   0   0   0   0   2   0   0   0   0
 12→11     66    59   8  0.87   3  0.68 |  58   1   1   1   0   1   1   0   0   1   0   0   0   0   0   2 |  51   2   6   0   0   0   0   0   0   0   0   0   0   0   0   0
 21→18     63    77   7  0.85   5  1.04 |  55   0   1   0   0   0   0   3   0   1   0   1   0   1   1   0 |  62   0   6   6   0   0   0   1   0   2   0   0   0   0   0   0
 17→10     57    56   5  0.85   4  1.02 |  49   3   0   2   0   1   2   0   0   0   0   0   0   0   0   0 |  45   3   0   5   0   0   0   3   0   0   0   0   0   0   0   0
  4→10     80    67   9  0.84   4  0.50 |  71   0   1   0   2   1   0   0   1   1   0   1   0   1   0   1 |  62   1   2   2   0   0   0   0   0   0   0   0   0   0   0   0
  1→14     59    59   7  0.82   5  0.58 |  52   1   0   1   1   1   1   0   0   0   0   0   0   0   2   0 |  54   2   1   1   0   0   0   0   0   0   0   0   0   1   0   0
 20→9      67    74   7  0.81   1 -0.00 |  59   0   3   1   0   0   0   1   0   1   1   0   0   0   0   1 |  74   0   0   0   0   0   0   0   0   0   0   0   0   0   0   0
 14→1      60    69   7  0.81   5  0.77 |  53   0   0   0   1   0   1   0   1   1   1   0   0   0   2   0 |  60   1   2   1   5   0   0   0   0   0   0   0   0   0   0   0
 18→21     57    60   6  0.81   5  0.75 |  50   1   0   0   0   0   0   1   0   0   2   2   0   1   0   0 |  53   2   2   2   0   0   0   1   0   0   0   0   0   0   0   0
  9→19     71    63   4  0.79   2  0.67 |  10  59   0   0   0   0   0   0   0   0   1   0   1   0   0   0 |  11  52   0   0   0   0   0   0   0   0   0   0   0   0   0   0
  6→2      71    92   6  0.79   8  1.24 |  62   0   5   0   1   0   0   1   1   0   0   0   0   0   1   0 |  73   1   7   4   0   1   0   0   1   0   3   2   0   0   0   0
  3→20     50    85   5  0.76   3  0.25 |  44   2   0   0   2   0   1   1   0   0   0   0   0   0   0   0 |  82   2   0   0   1   0   0   0   0   0   0   0   0   0   0   0
  9→20     76    61   7  0.75   2  0.21 |  68   2   0   1   1   1   0   0   0   2   0   1   0   0   0   0 |  59   2   0   0   0   0   0   0   0   0   0   0   0   0   0   0
  4→14     61    68   5  0.73   8  1.63 |  54   1   3   0   1   0   0   0   2   0   0   0   0   0   0   0 |  48   4   5   1   5   1   2   2   0   0   0   0   0   0   0   0
  3→16     56    61   4  0.72   3  0.24 |  49   3   0   0   0   1   0   0   0   0   3   0   0   0   0   0 |  59   1   0   0   0   0   0   0   0   1   0   0   0   0   0   0
  0→15     70    60   7  0.72   3  0.41 |  63   2   0   0   0   0   0   0   0   1   1   1   1   0   1   0 |  56   0   0   3   0   1   0   0   0   0   0   0   0   0   0   0
 21→17     66    54   6  0.71   5  0.70 |  59   3   0   1   0   0   1   1   0   0   0   0   0   0   0   1 |  48   1   0   0   0   1   0   0   0   0   3   0   0   1   0   0
  9→8      62    61   6  0.68   4  0.65 |  56   1   0   1   0   1   2   0   0   0   0   0   0   0   0   1 |  54   5   0   0   0   0   1   1   0   0   0   0   0   0   0   0
  7→12     76    57   6  0.64   3  0.35 |  69   3   0   1   0   0   0   0   0   0   0   1   0   1   0   1 |  54   2   1   0   0   0   0   0   0   0   0   0   0   0   0   0
 14→11     53    67   5  0.63   4  0.57 |  48   0   2   0   0   1   0   0   0   0   0   0   1   0   1   0 |  61   3   2   0   0   0   0   0   0   0   0   0   1   0   0   0
  1→13     54    69   5  0.62   3  0.30 |  49   1   0   0   1   0   0   1   0   0   0   0   0   0   0   2 |  66   2   0   0   0   0   0   0   0   0   0   0   1   0   0   0
  8→19     59    65   6  0.62   2  0.33 |  54   0   0   1   0   0   0   1   0   0   1   0   0   1   1   0 |  61   4   0   0   0   0   0   0   0   0   0   0   0   0   0   0
 10→4      71    70   6  0.61   4  0.55 |  65   2   0   0   1   0   0   1   0   0   0   0   1   0   1   0 |  64   0   0   3   2   0   0   0   0   0   0   0   0   1   0   0
  5→12     56    69   5  0.61   6  1.02 |  51   0   1   0   0   1   0   0   0   0   0   0   1   0   2   0 |  57   5   0   3   0   0   0   0   1   0   0   0   1   0   2   0
  1→11     46    61   5  0.60   5  0.71 |  42   1   0   0   0   0   0   0   1   0   0   1   0   0   1   0 |  54   1   0   0   4   1   0   0   0   0   0   1   0   0   0   0
 13→1      67    60   5  0.60   2  0.12 |  61   3   0   0   0   0   1   0   0   0   0   1   0   1   0   0 |  59   1   0   0   0   0   0   0   0   0   0   0   0   0   0   0
 14→4      67    60   5  0.60   5  1.04 |  61   0   0   1   3   1   0   1   0   0   0   0   0   0   0   0 |  49   3   4   0   2   0   0   2   0   0   0   0   0   0   0   0
  6→13     59    63   5  0.58   2  0.76 |  54   2   1   0   0   0   0   0   1   0   0   0   0   0   1   0 |  49  14   0   0   0   0   0   0   0   0   0   0   0   0   0   0
  2→12     63    67   5  0.55   5  0.74 |  58   0   0   0   0   0   0   0   1   0   0   2   1   0   0   1 |  59   3   0   0   3   1   1   0   0   0   0   0   0   0   0   0
  2→6      63    66   5  0.55   6  1.26 |  58   0   2   1   0   1   1   0   0   0   0   0   0   0   0   0 |  51   5   2   4   3   1   0   0   0   0   0   0   0   0   0   0
  6→5      58    79   4  0.54   7  0.89 |  53   1   0   0   0   0   0   0   0   1   0   3   0   0   0   0 |  68   2   1   5   1   0   0   0   0   0   0   1   1   0   0   0
  1→6      63    63   3  0.54   2  0.67 |  57   4   0   0   0   0   0   0   2   0   0   0   0   0   0   0 |  52  11   0   0   0   0   0   0   0   0   0   0   0   0   0   0
  5→6      72    65   6  0.53   4  0.50 |  67   1   0   0   0   1   0   0   0   0   1   0   1   1   0   0 |  60   3   1   0   1   0   0   0   0   0   0   0   0   0   0   0
 17→5      57    59   5  0.51   5  0.74 |  53   0   1   0   1   0   0   0   0   1   0   0   0   1   0   0 |  52   3   0   1   0   0   0   1   0   0   2   0   0   0   0   0
 13→6      71    72   3  0.50   3  0.81 |  65   4   0   0   0   0   0   0   0   0   0   0   0   2   0   0 |  57  14   0   0   0   0   0   1   0   0   0   0   0   0   0   0
 13→14     59    68   5  0.49   5  0.85 |  55   1   0   0   0   0   0   1   0   0   0   0   0   0   1   1 |  57   0   1   8   0   0   0   0   0   1   0   0   0   0   1   0
 18→16     60    65   5  0.49   3  0.47 |  56   1   0   1   0   0   0   0   0   0   0   0   0   0   1   1 |  60   3   0   0   0   0   0   0   0   0   2   0   0   0   0   0
 12→7      69    78   4  0.49   2  0.29 |  64   0   0   0   1   0   2   0   0   0   0   0   0   0   2   0 |  74   4   0   0   0   0   0   0   0   0   0   0   0   0   0   0
  4→7      59    61   4  0.46   5  0.73 |  55   2   1   0   0   0   0   0   0   0   0   0   1   0   0   0 |  54   3   0   1   2   0   0   0   0   0   0   1   0   0   0   0
 12→2      65    75   5  0.46   7  1.02 |  61   0   1   1   1   0   0   0   0   1   0   0   0   0   0   0 |  63   0   2   1   4   2   0   0   0   1   0   2   0   0   0   0
 16→3      74    59   4  0.38   2  0.21 |  70   0   0   0   1   0   1   0   0   0   2   0   0   0   0   0 |  57   2   0   0   0   0   0   0   0   0   0   0   0   0   0   0
 21→10     87    57   5  0.36   4  0.71 |  83   0   0   1   0   0   0   1   0   0   0   1   0   0   1   0 |  50   0   2   4   0   0   0   0   0   1   0   0   0   0   0   0
 11→14     66    68   4  0.34   7  0.66 |  63   0   0   0   0   1   0   1   0   1   0   0   0   0   0   0 |  62   1   1   0   0   1   0   1   0   0   0   0   1   0   1   0
  5→17     72    62   4  0.32   3  0.32 |  69   0   0   0   0   0   0   0   1   0   0   0   0   1   1   0 |  59   2   0   0   0   0   1   0   0   0   0   0   0   0   0   0
 10→21     45    62   3  0.31   3  0.40 |  43   0   1   0   1   0   0   0   0   0   0   0   0   0   0   0 |  58   0   1   3   0   0   0   0   0   0   0   0   0   0   0   0
 19→8      71    69   2  0.11   1 -0.00 |  70   0   0   1   0   0   0   0   0   0   0   0   0   0   0   0 |  69   0   0   0   0   0   0   0   0   0   0   0   0   0   0   0

============================================================================================================================================
Summary over all common pairs:
  pairs = 462
  FiLM-Tf:   mean_n_slots=10.37  mean_entropy=2.23  frac_multislot=100%
  noFiLM-Tf: mean_n_slots=7.89  mean_entropy=1.95  frac_multislot=100%

Pooled top-5 slots by mean frequency:
  FiLM-Tf:   slot 0:   45%  slot 1:   16%  slot 2:    8%  slot 3:    6%  slot 4:    4%
  noFiLM-Tf: slot 0:   47%  slot 1:   18%  slot 2:    8%  slot 3:    6%  slot 4:    4%
============================================================================================================================================