================================================================================================
Path-slot usage per (src,dst): FiLM-Tf vs noFiLM-Tf
================================================================================================
topo=geant_linear  episodes=200  K=16  min_flows=20  common_pairs=462

 src  dst | FiLM nSlot FiLM Hbits FiLM top% | noF nSlot noF Hbits noF top% |  nFlow
------------------------------------------------------------------------------------------------
   1    8 |         15       3.73       17% |        15      3.73      14% |     71
   8   13 |         16       3.72       14% |        16      3.75      15% |     73
  11   20 |         15       3.66       14% |        12      3.23      18% |     73
   8    5 |         14       3.65       16% |        13      3.44      16% |     56
   9   11 |         15       3.62       16% |        14      3.14      32% |     56
   5    8 |         15       3.61       16% |        15      3.50      14% |     64
  17   20 |         16       3.59       21% |        11      2.75      32% |     67
   9   21 |         16       3.56       24% |        13      2.52      55% |     80
   8    1 |         15       3.55       21% |        14      3.50      17% |     63
  20   17 |         14       3.55       18% |        12      3.11      28% |     83
  16    2 |         14       3.52       14% |        11      3.10      31% |     69
   8   11 |         14       3.51       15% |        16      3.62      19% |     80
   5    9 |         15       3.49       17% |        13      3.26      23% |     72
   2   16 |         13       3.48       19% |        15      3.59      14% |     64
   7    8 |         15       3.48       17% |        11      2.96      27% |     53
   9    1 |         14       3.47       23% |        14      3.33      25% |     74
  11    8 |         14       3.44       27% |        15      3.46      19% |     85
   1   20 |         14       3.42       23% |        13      3.23      26% |     53
  13    8 |         14       3.41       20% |        15      3.39      24% |     61
  19    1 |         14       3.40       20% |        14      3.16      30% |     61
  21    9 |         15       3.40       30% |        14      2.78      44% |     60
  20   21 |         13       3.39       19% |        10      2.59      35% |     68
   9   17 |         16       3.39       26% |        13      3.16      28% |     70
  11    9 |         15       3.39       22% |        11      3.23      22% |     68
   8   21 |         16       3.38       28% |        12      2.65      43% |     69
   9    5 |         13       3.37       15% |        12      3.22      23% |     62
  18    8 |         14       3.37       20% |        11      2.90      31% |     55
   5   16 |         14       3.36       24% |        12      3.03      23% |     71
  20   14 |         14       3.36       30% |        15      2.75      47% |     60
   8   14 |         13       3.36       23% |        10      2.81      31% |     61
  16   12 |         15       3.36       24% |         8      2.40      34% |     68
  16    1 |         14       3.35       20% |        12      3.30      20% |     80
   8   10 |         14       3.35       19% |        11      2.89      26% |     77
  19   18 |         15       3.33       25% |        13      2.53      47% |     65
  17    9 |         15       3.33       33% |        14      3.14      33% |     73
  16    0 |         15       3.32       20% |         8      2.45      28% |     79
  20    1 |         14       3.32       22% |        13      3.20      26% |     64
   1    9 |         13       3.32       24% |        14      3.56      14% |     74
  13   20 |         13       3.31       18% |        12      3.13      25% |     78
  19   13 |         13       3.30       23% |        16      3.48      24% |     57
  20   11 |         13       3.30       22% |        13      3.26      25% |     51
  17   19 |         14       3.30       25% |        12      2.49      48% |     64
  21    8 |         15       3.29       23% |        13      2.92      28% |     57
   8   18 |         15       3.29       25% |        10      2.72      31% |     69
  11   19 |         14       3.28       20% |        12      2.99      31% |     65
  10   19 |         13       3.25       28% |        10      2.43      39% |     58
  20   13 |         14       3.24       24% |        13      3.14      33% |     62
  12   15 |         15       3.24       33% |        13      3.16      22% |     78
   7   21 |         13       3.24       23% |        10      2.86      24% |     62
  13   19 |         14       3.23       29% |        13      3.26      28% |     51
  17    8 |         16       3.23       31% |        16      3.59      23% |     61
  20    5 |         13       3.22       26% |        14      3.36      17% |     62
   8    6 |         13       3.21       23% |        13      3.04      31% |     73
  16    5 |         13       3.21       25% |        12      3.39      14% |     63
   6   19 |         14       3.21       31% |        12      2.66      41% |     59
  19    5 |         12       3.21       18% |        12      3.14      24% |     60
  13    9 |         12       3.20       26% |        15      3.45      15% |     70
  12   21 |         12       3.20       19% |        12      3.04      27% |     68
  17    3 |         15       3.20       34% |         8      2.77      25% |     61
  17    4 |         14       3.18       21% |         7      2.53      30% |     91
  21   20 |         14       3.18       29% |         7      2.13      39% |     69
   8   12 |         13       3.18       26% |        12      3.19      24% |     62
  15   12 |         13       3.18       24% |        12      2.93      29% |     59
  15   13 |         14       3.17       30% |        13      2.96      38% |     60
   1   16 |         12       3.17       18% |        13      3.19      24% |     76
  10    9 |         14       3.16       28% |        10      2.69      30% |     61
  14   20 |         13       3.16       31% |        10      2.52      46% |     68
   9    7 |         13       3.15       22% |        14      3.04      28% |     54
   6    8 |         11       3.15       17% |        13      3.34      20% |     63
   3    2 |         13       3.15       22% |         8      2.50      32% |     74
  20    2 |         12       3.14       31% |         8      2.10      53% |     55
   2   14 |         12       3.14       19% |         7      2.57      29% |     73
  12    8 |         13       3.14       27% |        14      3.29      26% |     66
  19   14 |         14       3.13       30% |        10      2.58      39% |     66
   9   10 |         14       3.13       27% |        11      2.82      30% |     67
   5   19 |         11       3.12       25% |        11      2.93      34% |     51
  21    7 |         11       3.12       21% |        12      3.05      34% |     66
  13   12 |         14       3.12       26% |        10      2.75      30% |     69
   9    6 |         13       3.11       28% |         9      2.70      32% |     65
  19   12 |         15       3.11       32% |        10      2.48      42% |     65
  16   11 |         11       3.11       26% |        14      3.23      20% |     62
   5   20 |         11       3.09       18% |        12      3.12      22% |     76
   3    1 |         15       3.09       27% |        10      2.71      35% |     77
   3    5 |         14       3.09       33% |         8      2.45      39% |     69
  12    9 |         14       3.09       21% |         8      2.65      33% |     67
   7   15 |         12       3.09       23% |        13      2.84      32% |     52
   9   14 |         13       3.09       24% |        13      3.15      27% |     71
  11    6 |         13       3.08       21% |         8      2.58      31% |     62
   1    0 |         13       3.07       35% |        10      2.73      31% |     55
  21   12 |         11       3.07       20% |        12      3.15      25% |     66
   9   13 |         12       3.07       31% |        12      3.39      22% |     70
  14    2 |         12       3.05       21% |        11      2.50      37% |     68
   8    4 |         14       3.05       33% |         9      2.43      36% |     67
  19   16 |         14       3.04       30% |        10      2.79      25% |     69
   1   19 |         13       3.04       35% |        13      3.37      22% |     82
  16   13 |         11       3.04       20% |        14      3.32      27% |     50
  16    7 |         12       3.04       31% |         9      2.26      41% |     59
  11    3 |         11       3.03       23% |         9      2.49      32% |     70
   6    9 |         12       3.02       35% |         8      2.19      49% |     49
   5   14 |         12       3.00       27% |         8      2.77      23% |     70
   1   15 |         11       3.00       24% |         9      2.35      43% |     66
   2   18 |         10       2.99       24% |         9      2.57      30% |     62
  20    6 |         13       2.99       28% |         9      2.26      44% |     75
  15    7 |         13       2.99       32% |        10      2.59      42% |     73
  13   16 |         11       2.98       27% |        14      3.35      21% |     55
  12   13 |         11       2.98       27% |        12      2.81      28% |     60
  18   19 |         14       2.98       36% |         9      2.27      50% |     47
   6   11 |         11       2.98       25% |         9      2.66      37% |     69
   3   17 |         12       2.97       29% |         9      2.93      26% |     51
  18   11 |         13       2.97       28% |         7      2.19      35% |     65
  21   19 |         13       2.97       39% |        10      2.30      50% |     59
  20    7 |         14       2.97       38% |         9      2.18      57% |     71
   0   17 |         13       2.96       43% |         9      2.29      51% |     61
   8    7 |         12       2.95       29% |        12      3.32      20% |     52
  20   12 |         13       2.94       34% |         9      2.53      32% |     53
  11   16 |         13       2.94       28% |        11      2.53      51% |     69
  11   18 |         14       2.94       31% |         5      1.99      38% |     55
   5    0 |         11       2.93       22% |         8      2.42      34% |     76
   8   17 |         13       2.93       36% |        15      3.68      16% |     59
  15   11 |         15       2.92       45% |        13      2.47      51% |     67
   2   10 |         10       2.92       30% |         8      2.57      31% |     57
  10    2 |         12       2.91       28% |        12      2.83      30% |     65
  12    1 |         13       2.91       32% |        10      2.98      26% |     57
   3   15 |         12       2.90       25% |        11      2.95      25% |     69
   0    1 |         12       2.90       36% |         8      2.58      29% |     59
   2    3 |         12       2.90       33% |         8      2.46      37% |     83
   1    7 |         11       2.90       21% |        12      2.74      30% |     71
  20   10 |         13       2.89       35% |        11      2.58      37% |     72
   5    3 |         12       2.89       31% |         8      2.15      43% |     61
   0   16 |         11       2.89       22% |         8      2.33      31% |     69
   3   13 |         12       2.89       34% |        13      2.91      37% |     64
  18    9 |         12       2.89       27% |         9      2.23      50% |     49
   0    3 |         14       2.88       32% |         8      2.10      42% |     71
  18   13 |         11       2.88       28% |         9      2.70      31% |     75
  19    3 |         13       2.88       33% |         6      1.84      43% |     78
   7    9 |         10       2.88       27% |        10      2.73      26% |     66
  12   16 |         12       2.88       28% |        12      2.76      36% |     64
  19   21 |         14       2.88       45% |         9      2.17      57% |     58
  19    7 |         13       2.87       33% |        12      2.63      44% |     75
  10    8 |         10       2.86       24% |        14      3.08      23% |     67
  10    1 |         11       2.86       23% |         8      2.68      27% |     65
  19   11 |         12       2.86       33% |        12      2.91      37% |     70
  16   19 |         11       2.86       35% |        11      2.51      47% |     63
  17   13 |         12       2.85       30% |         6      2.02      45% |     60
   1   18 |         11       2.85       28% |         8      2.54      29% |     65
   7   20 |         13       2.85       42% |        11      2.45      51% |     60
   3   11 |         13       2.85       35% |         9      2.50      32% |     52
  18    2 |         10       2.84       25% |         7      2.47      34% |     53
  13   18 |          9       2.83       24% |         8      2.77      27% |     58
  13    3 |         14       2.83       38% |         8      2.49      37% |     66
   7   19 |         11       2.82       28% |        12      2.69      34% |     50
  15    4 |         14       2.82       37% |         6      1.96      43% |     70
   6   20 |         12       2.81       38% |        11      2.17      53% |     52
   9   12 |         10       2.81       31% |         8      2.65      33% |     61
  18    1 |         10       2.80       27% |         8      2.66      23% |     52
   7   13 |          9       2.79       25% |        11      3.04      28% |     69
   1   12 |         11       2.79       24% |        10      3.00      29% |     74
  16    6 |         15       2.78       35% |         9      2.15      44% |     77
   4   15 |         14       2.78       39% |         6      2.08      38% |     80
   0   13 |         11       2.78       39% |         7      2.19      44% |     70
  18    5 |         12       2.77       32% |         6      2.18      44% |     63
   1   10 |         11       2.77       36% |         7      2.49      32% |     58
   3   21 |         10       2.77       33% |         7      2.05      51% |     73
   5   10 |         11       2.77       32% |         5      2.06      41% |     62
  14    8 |         10       2.77       26% |        14      2.95      34% |     62
  14   19 |         12       2.76       33% |        10      2.51      44% |     69
  16    8 |         12       2.76       45% |        11      1.95      66% |     66
   2   17 |         11       2.75       28% |         9      2.31      33% |     72
  15   16 |         12       2.75       39% |         8      1.64      66% |     56
   4   17 |          9       2.75       28% |         8      2.69      23% |     64
   3    6 |         14       2.75       44% |        11      2.36      54% |     57
  14    5 |          9       2.75       23% |         6      2.30      29% |     64
   4    8 |         14       2.74       32% |        11      2.55      34% |     82
  15    3 |         12       2.74       36% |         8      2.42      29% |     70
  10    5 |         10       2.74       24% |         6      2.26      36% |     55
  19   17 |         14       2.73       43% |        14      2.84      43% |     56
   8   16 |         14       2.72       51% |        12      1.90      68% |     57
  10   13 |          9       2.71       33% |        10      2.60      32% |     52
  12   20 |         11       2.69       32% |        11      2.63      35% |     66
   0    5 |          9       2.69       26% |         6      2.26      37% |     53
  15    1 |         11       2.69       31% |         8      2.59      27% |     55
  15    5 |         13       2.69       42% |        10      2.08      56% |     59
   3    0 |         12       2.69       41% |         6      1.71      46% |     68
  19   10 |         11       2.68       33% |        10      2.38      44% |     78
  14    9 |         14       2.68       32% |        11      2.74      35% |     62
  13   15 |         11       2.66       37% |         9      2.61      38% |     79
  13    7 |          9       2.65       32% |        10      2.72      36% |     53
  12   19 |         12       2.65       33% |        11      2.64      39% |     58
   6   16 |         13       2.63       35% |         8      2.14      36% |     66
   7    1 |         10       2.63       37% |        10      2.86      27% |     63
  13    0 |         12       2.62       42% |        11      2.81      32% |     76
  14    0 |         13       2.62       37% |         5      1.75      50% |     59
  17   16 |         12       2.61       49% |        12      2.38      58% |     71
  20   15 |         13       2.61       51% |         8      1.77      64% |     71
   1   17 |         12       2.61       44% |         7      2.14      37% |     66
  10   11 |         10       2.60       29% |         7      2.24      31% |     63
  13   10 |         11       2.60       37% |        10      2.71      32% |     76
   0   11 |         11       2.60       43% |         5      1.97      46% |     68
  17    0 |         11       2.60       48% |        12      2.60      46% |     67
  17    1 |         12       2.59       31% |         7      2.26      34% |     83
   4    0 |         14       2.59       53% |        10      2.46      50% |     66
   9   18 |         12       2.58       40% |         6      2.05      40% |     62
  16   15 |         12       2.58       49% |        10      2.15      57% |     53
   4    9 |         11       2.58       39% |         9      2.19      37% |     71
   2    4 |         11       2.58       38% |         5      1.95      41% |     56
  10   12 |         12       2.57       52% |         7      2.05      48% |     52
   5   15 |         12       2.56       45% |        11      2.07      55% |     78
   3    7 |         14       2.55       54% |         8      1.63      65% |     67
  18   20 |         11       2.54       40% |         8      2.05      49% |     55
   0    4 |         13       2.53       53% |        10      2.13      60% |     66
  15   20 |         12       2.51       49% |         7      2.02      53% |     65
  16   14 |         10       2.49       35% |         7      1.96      36% |     51
   9   16 |         13       2.47       55% |         6      1.00      83% |     65
   4   19 |         13       2.46       54% |        10      1.67      72% |     61
  19    4 |         11       2.46       50% |         7      1.40      75% |     68
   3   10 |         11       2.46       44% |         7      1.74      62% |     64
  19    6 |         11       2.45       45% |        11      2.63      45% |     62
  15    6 |         12       2.45       51% |         7      1.99      55% |     68
  17    2 |         10       2.44       42% |         6      1.79      49% |     67
   3   19 |          9       2.44       35% |         5      1.51      63% |     62
   7   17 |         13       2.44       56% |         8      1.67      69% |     75
  10    3 |         13       2.44       48% |         4      1.10      77% |     54
   9    4 |         11       2.44       37% |         8      2.15      40% |     59
  11    0 |         11       2.43       48% |         6      2.13      45% |     62
  16   17 |         13       2.43       59% |        10      1.87      67% |     75
  21    3 |         10       2.42       41% |         7      2.07      40% |     61
  11   15 |         12       2.42       50% |         8      1.82      59% |     62
  18    0 |         10       2.42       40% |         5      1.69      42% |     73
   1    3 |          9       2.40       31% |        13      2.89      31% |     52
  12   18 |         12       2.40       54% |        10      2.23      49% |     76
   4   20 |         11       2.40       45% |         5      1.64      58% |     65
   5    4 |         10       2.38       38% |         6      1.76      41% |     73
  17   11 |         12       2.38       45% |         6      1.42      58% |     83
   6    3 |         11       2.38       48% |        11      2.23      58% |     63
  10   20 |         12       2.38       55% |        12      2.79      35% |     65
  14   17 |         12       2.37       55% |         7      1.41      72% |     51
   7   16 |         10       2.37       36% |        10      2.29      40% |     75
  13   17 |         10       2.37       44% |         5      1.78      51% |     61
   8    3 |         12       2.37       58% |         5      0.75      88% |     62
  14   12 |         14       2.37       53% |         7      2.05      51% |     66
  20    0 |         12       2.35       55% |         5      1.28      72% |     56
  11   10 |          8       2.34       36% |         6      2.09      39% |     61
   5   18 |         10       2.34       47% |         6      2.21      43% |     72
  21    4 |         10       2.33       37% |         6      1.98      44% |     73
   2   20 |         11       2.33       54% |        10      2.37      53% |     57
  20    4 |         12       2.32       55% |         3      1.00      77% |     58
  13   11 |         11       2.31       55% |        10      2.03      62% |     60
   9    2 |         13       2.30       60% |         8      1.56      72% |     67
   3    8 |         11       2.28       55% |        10      1.40      78% |     76
   2    8 |          9       2.27       39% |         9      1.99      57% |     67
   2    9 |         10       2.26       56% |         9      1.90      62% |     55
  20   18 |         11       2.26       54% |         7      1.95      50% |     59
   0    7 |         11       2.26       50% |         6      1.62      53% |     64
   8   15 |         10       2.25       44% |        10      2.14      39% |     62
   9   15 |         10       2.25       56% |         5      1.10      74% |     64
  10    0 |         10       2.25       39% |         6      1.58      56% |     61
   3   14 |         11       2.25       47% |        10      1.92      60% |     70
  11   17 |         11       2.23       40% |         4      1.20      55% |     70
   6    7 |          9       2.23       47% |         7      1.91      42% |     57
  11   13 |         12       2.23       60% |         5      1.05      81% |     58
   0   18 |          9       2.19       47% |         4      1.41      60% |     55
   0   14 |          8       2.18       40% |         7      1.87      43% |     58
  12    3 |         10       2.17       59% |         6      1.70      52% |     66
   4   21 |          6       2.16       31% |         7      2.19      41% |     55
   3   18 |         13       2.16       60% |         5      1.26      69% |     70
  18   12 |         10       2.14       60% |         8      2.41      32% |     72
   6   14 |          9       2.14       46% |         4      1.87      44% |     57
  14   16 |         10       2.14       38% |         7      1.97      48% |     71
   8    2 |         10       2.14       53% |        12      2.26      46% |     68
   1   21 |         11       2.14       42% |         5      1.52      59% |     69
  21    0 |         12       2.14       60% |         6      1.46      69% |     80
  12    6 |          8       2.13       43% |         7      2.01      45% |     67
   2   21 |         10       2.13       58% |        10      2.45      49% |     53
   0   21 |         11       2.12       59% |         7      1.60      67% |     64
   5    2 |         12       2.10       44% |         4      1.29      54% |     64
   7    6 |          8       2.10       52% |         4      1.50      55% |     54
  17    7 |         12       2.10       63% |         9      1.90      62% |     60
  15   14 |         13       2.10       66% |         8      1.75      65% |     70
  17    6 |         10       2.08       42% |         4      1.13      63% |     66
  17   18 |         12       2.08       64% |         5      0.81      85% |     58
   6    0 |          9       2.06       57% |         5      1.66      57% |     56
  20   19 |         10       2.06       55% |         6      1.38      69% |     65
  16    9 |         12       2.05       63% |         8      1.25      79% |     76
  19   20 |         11       2.04       59% |         4      0.77      85% |     81
  15    8 |         13       2.03       51% |         7      1.60      52% |     71
   1    4 |          9       2.03       41% |         5      1.73      48% |     58
  10    6 |         13       2.03       58% |         5      1.35      62% |     60
   6   15 |         11       2.03       64% |         5      1.61      60% |     58
   7    0 |          7       2.02       44% |         7      1.71      54% |     70
  11   21 |         13       2.01       68% |         6      1.04      82% |     77
   0   20 |         11       2.01       62% |         5      1.18      74% |     60
  14    6 |         10       2.00       58% |         7      2.18      37% |     69
  14    3 |          9       1.99       54% |         9      1.97      61% |     50
  15    9 |         11       1.99       64% |         7      1.43      73% |     69
  10   16 |          7       1.99       40% |         5      1.68      48% |     58
  16   21 |         12       1.99       65% |         6      1.06      82% |     71
   0    6 |          9       1.98       58% |         6      1.72      55% |     71
   6   12 |          9       1.97       43% |         6      2.00      41% |     88
   4    1 |          8       1.96       41% |         6      1.96      44% |     54
   4    2 |          7       1.96       44% |         8      2.36      34% |     63
   0    9 |          9       1.95       58% |         3      0.76      82% |     69
   4   13 |          9       1.94       57% |         6      1.57      56% |     60
  21    1 |          9       1.93       44% |         3      1.46      53% |     71
   5   21 |          8       1.93       44% |         5      1.36      59% |     68
  14   15 |         10       1.91       66% |         9      1.76      66% |     59
   6   10 |          9       1.90       46% |         6      1.54      48% |     68
   6   18 |          9       1.88       52% |         7      1.68      45% |     44
   7   14 |          9       1.87       57% |         6      1.72      55% |     58
  18    6 |          7       1.85       47% |         7      1.79      46% |     66
  16   10 |          6       1.84       48% |         5      1.79      44% |     61
  11    4 |          9       1.83       48% |         4      1.57      46% |     56
   0   12 |          8       1.83       62% |         6      1.71      58% |     71
   4    5 |          8       1.82       55% |         6      1.84      44% |     62
  10   18 |          8       1.82       50% |         2      1.00      51% |     72
   3   12 |          9       1.81       68% |         7      1.86      46% |     74
   4   11 |          9       1.80       48% |         5      1.75      43% |     73
   6   17 |          9       1.77       47% |         5      1.33      51% |     78
  21   13 |         11       1.76       69% |         6      1.86      48% |     67
   4    3 |          9       1.74       61% |         5      1.35      63% |     72
  13    2 |         13       1.73       73% |         6      1.74      58% |     74
  10   14 |          9       1.73       61% |         4      1.29      62% |     69
  19    0 |          9       1.73       69% |         2      0.61      85% |     55
  18   15 |         10       1.72       68% |         5      1.36      66% |     76
   9    0 |         11       1.71       68% |         3      0.99      74% |     63
   7    3 |         12       1.68       73% |         7      2.01      53% |     71
  12    0 |          7       1.68       65% |         6      1.85      52% |     71
  18   14 |          7       1.67       57% |         4      1.19      59% |     60
   5   13 |         10       1.66       72% |         4      1.14      68% |     54
   1    5 |         12       1.66       75% |         9      1.94      56% |     67
  18    7 |         10       1.66       73% |         9      2.14      51% |     56
   7   18 |         11       1.65       74% |         9      1.63      71% |     69
  14   18 |          8       1.64       48% |         6      1.63      49% |     58
  10    7 |         11       1.64       73% |         8      1.64      70% |     75
  21   11 |         10       1.64       73% |         6      0.88      85% |     60
  13   21 |          8       1.62       64% |         8      1.93      48% |     73
  15    2 |          8       1.62       67% |         5      1.34      67% |     72
  13    4 |          8       1.62       69% |         7      1.78      49% |     54
  21   16 |         10       1.61       74% |         5      0.75      88% |     70
  16    4 |          7       1.60       61% |         2      0.94      64% |     64
  19    2 |         10       1.59       74% |         7      1.29      77% |     74
  12   10 |          8       1.59       72% |         7      1.96      54% |     64
   8    0 |          6       1.58       50% |         2      0.92      67% |     66
  12   14 |          8       1.58       63% |         7      1.76      58% |     68
   2   19 |          8       1.57       72% |         6      1.10      81% |     71
   5    1 |          8       1.56       73% |         7      1.61      69% |     73
  21    2 |          8       1.56       72% |        10      2.29      50% |     53
  14    7 |          7       1.55       66% |         5      1.58      57% |     64
  20   16 |         10       1.54       75% |         5      0.46      94% |     65
   3    4 |          7       1.53       67% |         5      1.06      74% |     54
  14   10 |          8       1.53       65% |         3      1.16      56% |     63
  15   17 |          9       1.53       74% |         7      1.30      77% |     61
  13    5 |         11       1.52       76% |         6      1.36      72% |     68
  21    5 |          7       1.52       56% |         8      1.59      61% |     66
   2   15 |          9       1.51       71% |         5      1.42      61% |     62
   2   11 |         10       1.51       76% |         6      0.86      87% |     59
  15   18 |         10       1.51       74% |         3      0.80      83% |     69
   0   10 |          6       1.51       60% |         6      1.61      48% |     67
   1    2 |         10       1.51       75% |         6      1.81      56% |     65
  15   19 |         10       1.51       77% |         2      0.42      92% |     60
   7    2 |          8       1.47       74% |         5      0.86      86% |     54
  18    3 |          9       1.47       75% |         5      1.19      71% |     57
  11    5 |          9       1.46       76% |         6      1.14      80% |     59
   2    5 |          6       1.46       55% |         3      1.10      49% |     60
  20    3 |         11       1.46       78% |         2      0.12      98% |     73
   9    3 |          9       1.46       76% |         3      0.24      97% |     66
  18   17 |         11       1.43       79% |         6      1.18      80% |     70
   6   21 |         10       1.43       78% |         7      1.22      78% |     59
  19    9 |          6       1.42       62% |         2      0.72      80% |     56
  11    7 |          8       1.41       76% |         2      0.74      79% |     59
   6    4 |          9       1.40       77% |         7      1.34      75% |     83
  17   12 |         10       1.40       78% |         6      1.11      81% |     60
   0    8 |          6       1.39       60% |         2      1.00      53% |     67
  18    4 |          8       1.39       77% |         5      1.07      80% |     56
  18   10 |          5       1.39       51% |         3      1.09      55% |     59
   5    7 |         10       1.38       79% |         5      0.97      78% |     75
   2   13 |          9       1.38       77% |         7      1.63      63% |     83
   4   12 |          9       1.38       77% |         5      1.37      65% |     70
   0   19 |          7       1.37       73% |         4      1.17      62% |     56
  17   15 |          9       1.33       78% |         5      0.92      83% |     60
  17   14 |         10       1.33       80% |        11      2.38      54% |     60
   3    9 |          8       1.32       78% |         3      0.55      90% |     63
  18   21 |          8       1.32       78% |         6      1.28      76% |     74
   0    2 |          8       1.30       78% |         6      1.18      79% |     64
   7   11 |          8       1.29       79% |         3      0.45      92% |     76
   4   16 |          6       1.29       65% |         4      1.09      65% |     66
  10   15 |          8       1.29       78% |         2      0.53      88% |     64
  16   20 |          9       1.27       80% |         5      0.48      93% |     56
  17   10 |          9       1.27       80% |         3      0.63      88% |     56
   4    6 |          9       1.26       80% |        11      1.92      68% |     66
  11    1 |         10       1.25       82% |         4      0.58      90% |     60
   4   14 |          8       1.25       80% |         7      1.62      68% |     80
   7    5 |          8       1.23       81% |         6      1.03      83% |     62
   2    1 |          6       1.23       78% |         6      1.63      63% |     50
  15   10 |          6       1.22       75% |         2      0.51      89% |     65
   2    6 |          7       1.20       79% |         5      0.91      84% |     53
   9   20 |          8       1.18       82% |         3      0.22      97% |     66
  20    8 |          9       1.17       83% |         2      0.12      98% |     52
  15   21 |         11       1.17       84% |         5      0.59      91% |     74
   8   20 |         10       1.16       83% |         4      0.40      94% |     82
  19   15 |          8       1.16       81% |         4      0.70      88% |     54
   1   11 |          8       1.15       82% |         7      1.29      79% |     60
  21   18 |          7       1.14       82% |         5      0.74      88% |     55
  14   21 |          8       1.14       83% |         6      1.13      80% |     52
   9   19 |          6       1.13       74% |         2      0.88      70% |     76
  13   14 |          9       1.08       84% |         5      0.85      85% |     64
  12   11 |          9       1.07       85% |         5      0.95      83% |     71
  21   17 |          8       1.06       84% |         5      0.68      88% |     62
   6    2 |          8       1.06       84% |         8      1.37      77% |     63
  21   15 |          9       1.05       85% |         5      0.50      93% |     73
  17   21 |          7       1.04       84% |         3      0.32      95% |     56
   4    7 |          6       1.03       81% |         2      0.61      85% |     68
   5    6 |          8       1.03       85% |         5      0.78      87% |     65
  13    6 |          5       1.02       80% |         2      0.92      67% |     55
  20    9 |          9       0.99       86% |         2      0.12      98% |     79
   7   10 |          7       0.98       85% |         8      1.53      72% |     66
  14   13 |          6       0.98       83% |         4      1.00      79% |     66
   3   20 |          7       0.97       85% |         4      0.44      94% |     67
  12   17 |          9       0.97       86% |        11      1.32      81% |     80
  21    6 |          6       0.97       84% |         8      1.34      78% |     63
   2    0 |          7       0.96       85% |         5      0.61      91% |     55
  10   17 |          7       0.96       85% |         5      0.82      87% |     61
   1   14 |          8       0.95       86% |         6      1.24      77% |     59
  16   18 |          8       0.94       86% |         6      0.78      88% |     73
   6    5 |          7       0.89       87% |         7      1.15      80% |     67
   4   10 |          7       0.88       87% |         5      0.60      91% |     68
   7    4 |          5       0.88       84% |         4      0.87      83% |     58
   5   11 |          6       0.88       86% |         7      1.58      70% |     58
   9    8 |          8       0.86       87% |         2      0.23      96% |     86
  11   14 |          7       0.86       88% |         8      1.09      83% |     56
   2    7 |          6       0.82       87% |         5      0.96      83% |     63
  12    4 |          5       0.82       85% |         5      1.34      66% |     71
   6   13 |          6       0.82       86% |         3      0.70      84% |     73
   8    9 |          7       0.81       88% |         2      0.31      94% |     74
   1   13 |          8       0.79       89% |         1     -0.00     100% |     74
  11    2 |          5       0.79       87% |         7      1.34      75% |     63
  18   16 |          6       0.75       89% |         4      0.68      88% |     63
  17    5 |          6       0.73       89% |         2      0.26      96% |     64
   5   17 |          7       0.72       90% |         2      0.14      98% |     70
  10   21 |          7       0.71       90% |         4      0.51      92% |     71
  13    1 |          7       0.71       90% |         2      0.35      93% |     82
  12    5 |          7       0.68       91% |         6      1.02      83% |     65
  14    4 |          5       0.67       89% |         8      1.66      69% |     57
  10    4 |          5       0.67       90% |         4      0.63      89% |     49
  11   12 |          6       0.67       90% |         5      0.68      89% |     63
   8   19 |          6       0.65       91% |         2      0.12      98% |     65
   3   16 |          6       0.64       91% |         2      0.19      97% |     66
  14   11 |          7       0.64       92% |         4      0.55      92% |     71
   7   12 |          6       0.63       91% |         2      0.14      98% |     57
  16    3 |          5       0.63       90% |         2      0.11      99% |     62
   4   18 |          6       0.63       91% |         8      1.63      71% |     78
   1    6 |          3       0.62       88% |         4      0.89      82% |     56
   0   15 |          4       0.60       90% |         6      0.75      88% |     62
  21   14 |          5       0.58       92% |         7      0.89      86% |     59
   5   12 |          5       0.57       92% |         4      0.76      87% |     60
   6    1 |          5       0.46       94% |         4      0.94      79% |     65
  14    1 |          5       0.44       94% |         5      0.80      87% |     69
  12    2 |          4       0.43       94% |         5      1.40      72% |     64
   2   12 |          4       0.42       94% |         6      1.03      82% |     51
  21   10 |          4       0.30       96% |         4      0.53      92% |     77
  15    0 |          2       0.12       98% |         4      0.45      93% |     63
  12    7 |          1      -0.00      100% |         2      0.13      98% |     64
  19    8 |          1      -0.00      100% |         2      0.09      99% |     67
------------------------------------------------------------------------------------------------
Summary (mean over common pairs):
  FiLM-Tf  : mean_n_slots=10.55  mean_entropy=2.24 bits  frac_multislot=100%
  noFiLM-Tf: mean_n_slots=7.83  mean_entropy=1.93 bits  frac_multislot=100%

Reading guide: 对同一 (src,dst)，FiLM-Tf 用更多槽位 / 更高熵 → 随 QoS 意图与拥塞
切换路径；noFiLM-Tf 趋向单一槽位（多为 slot-0 即 OSPF 等价）。
================================================================================================